росийский [0]
покупатель [0, 1, 3, 20, 21, 25, 27, 28, 29, 30, 35, 39, 43, 46, 47, 89, 92, 93, 99]
вынудить [0, 5, 13, 17, 72, 75]
систематически [0]
платить [0, 13, 66]
ноутбук [0, 1, 5, 12, 20, 21, 25, 27, 28, 29, 30, 31, 32, 33, 34, 35, 37, 38, 39, 40, 44, 45, 46, 47, 49, 50, 51, 52, 53, 54, 55, 56, 57, 58, 59, 60, 62, 63, 64, 67, 72, 75, 76, 79, 81, 85, 86, 87, 88, 90, 92, 95]
большой [0, 2, 8, 12, 13, 16, 17, 22, 24, 29, 30, 34, 41, 43, 47, 48, 50, 53, 61, 62, 64, 71, 72, 73, 74, 76, 77, 79, 81, 82, 85, 87, 88, 92, 94, 95, 99]
больше [0, 2, 8, 12, 13, 16, 17, 22, 30, 34, 41, 47, 48, 50, 53, 61, 64, 72, 73, 74, 76, 77, 79, 85, 87, 88, 92, 99]
потребитель [0, 13, 72, 96]
другой [0, 1, 6, 9, 12, 13, 14, 18, 25, 26, 33, 34, 40, 41, 46, 48, 51, 52, 53, 60, 62, 63, 66, 67, 72, 75, 76, 77, 79, 81, 83, 84, 85, 86, 87, 88, 90, 92]
страна [0, 6, 10, 17, 60, 77, 78, 80, 86]
отечественный [0]
продавец [0]
склонный [0, 76]
делать [0, 8, 15, 66, 74, 80, 83, 88, 97]
скидка [0]
техник [0, 66, 74, 77]
техника [0, 66, 74, 77]
только [0, 1, 3, 6, 13, 16, 21, 22, 23, 26, 30, 36, 40, 45, 46, 49, 52, 53, 56, 57, 58, 60, 61, 63, 64, 66, 70, 72, 73, 74, 75, 78, 79, 81, 82, 83, 84, 85, 87, 89, 94, 96, 97]
один [0, 1, 2, 4, 13, 14, 17, 18, 21, 22, 25, 27, 30, 31, 35, 37, 39, 42, 44, 46, 49, 50, 51, 52, 53, 55, 56, 57, 58, 59, 62, 63, 64, 66, 67, 68, 74, 75, 76, 77, 78, 80, 84, 85, 87, 88, 90, 92, 93, 95, 98, 99]
случай [0, 12, 27, 30, 31, 34, 64, 71, 74, 81, 82, 87, 88, 93, 95, 97]
наличие [0, 19, 22, 27, 40, 47, 52, 53, 64, 70, 71, 92, 93, 95]
повреждение [0]
вмять [0]
пылезащитный [0]
колпачок [0]
акустический [0]
головка [0]
дорогой [0, 9, 11, 12, 19, 28, 30, 35, 36, 45, 48, 49, 53, 55, 65, 68, 75, 76, 87]
дорога [0, 12, 30]
аудиосистема [0]
весь [0, 5, 6, 7, 8, 10, 12, 20, 21, 22, 23, 24, 25, 27, 28, 29, 30, 33, 35, 36, 37, 39, 41, 43, 44, 45, 47, 48, 49, 51, 53, 54, 55, 56, 59, 61, 62, 64, 68, 70, 71, 72, 73, 74, 75, 76, 78, 79, 80, 81, 83, 85, 86, 87, 90, 91, 93, 94, 96, 97, 98, 99]
цена [0, 3, 9, 13, 18, 37, 38, 39, 42, 43, 44, 45, 46, 47, 48, 49, 50, 52, 53, 58, 59, 60, 78, 81, 86, 92, 94, 97]
быть [0, 2, 3, 4, 5, 7, 8, 9, 10, 11, 13, 14, 15, 16, 18, 20, 21, 22, 23, 24, 25, 26, 27, 28, 29, 30, 31, 32, 33, 34, 35, 36, 37, 38, 39, 40, 41, 42, 43, 44, 45, 46, 47, 48, 49, 50, 51, 52, 53, 54, 55, 56, 57, 58, 59, 60, 61, 62, 63, 64, 65, 66, 67, 68, 70, 71, 72, 74, 75, 76, 77, 78, 79, 80, 81, 84, 85, 86, 87, 88, 89, 90, 92, 93, 94, 95, 96, 97, 98]
стоять [0, 2, 6, 11, 15, 19, 28, 34, 53, 62, 66, 87, 92, 94, 95, 98]
пока [0, 17, 18, 24, 32, 34, 40, 48, 50, 54, 57, 60, 64, 66, 69, 72, 73, 74, 75, 80, 88, 89]
звезда [0, 97]
солнце [0]
перестать [0, 14, 15, 20, 70, 76]
гореть [0]
очередной [0, 9, 13, 19, 20, 31, 99]
примереть [0, 66, 85]
пример [0, 21, 30, 66, 73, 74, 85]
особый [0]
издание [0, 12, 15, 45, 79]
special [0, 33, 34, 63]
edition [0, 32, 33, 34, 63]
игровой [0, 4, 15, 19, 24, 25, 30, 32, 33, 37, 44, 46, 49, 50, 52, 54, 56, 62, 63, 64, 72, 75, 82, 88, 95, 96, 97, 98]
dell [0, 37, 56, 63]
процессор [0, 3, 5, 10, 12, 18, 20, 27, 30, 32, 33, 34, 35, 36, 37, 38, 39, 40, 43, 44, 46, 47, 49, 50, 51, 52, 53, 54, 55, 56, 58, 59, 62, 63, 64, 65, 67, 69, 72, 74, 75, 78, 79, 80, 85, 86, 88, 90, 91, 94, 95, 97, 98]
видеокарта [0, 3, 12, 15, 17, 21, 25, 27, 29, 30, 32, 33, 35, 37, 39, 40, 43, 44, 45, 46, 47, 49, 50, 51, 52, 54, 57, 59, 62, 63, 64, 65, 67, 72, 78, 79, 81, 90, 96, 97]
amd [0, 12, 27, 34, 44, 45, 49, 50, 51, 52, 55, 56, 62, 63, 66, 67, 69, 72, 75, 79, 81, 88, 91, 94, 96, 97, 98]
распродаваться [0]
официальный [0, 1, 3, 5, 13, 18, 23, 25, 28, 30, 31, 36, 42, 55, 56, 57, 62, 63, 64, 67, 72, 75, 84, 89, 90]
магазин [0, 3, 5, 11, 13, 38, 83]
менее [0, 6, 10, 11, 12, 29, 31, 42, 48, 51, 53, 57, 63, 72, 76, 78, 82, 88, 89, 93, 94, 95, 99]
доллар [0, 48, 60, 78, 86, 87]
сша [0, 35, 42, 48, 51, 53, 55, 60, 71, 73, 77, 86, 97]
мочь [0, 2, 5, 6, 9, 10, 12, 14, 15, 16, 18, 19, 20, 21, 22, 23, 25, 26, 29, 30, 31, 33, 35, 37, 39, 40, 41, 47, 49, 51, 57, 59, 62, 63, 64, 71, 72, 74, 76, 79, 80, 83, 85, 86, 87, 88, 89, 90, 93, 95, 98]
представить [0, 2, 3, 24, 30, 32, 33, 36, 37, 42, 47, 49, 50, 52, 54, 56, 57, 63, 64, 68, 72, 74, 78, 81, 89, 90, 92, 97]
себе [0, 4, 8, 13, 19, 29, 30, 41, 47, 74, 77, 87]
себя [0, 1, 4, 5, 6, 8, 13, 15, 18, 19, 29, 30, 32, 34, 41, 47, 49, 52, 56, 72, 74, 76, 77, 79, 83, 85, 87]
такой [0, 2, 9, 12, 13, 14, 15, 16, 19, 20, 21, 22, 24, 25, 26, 28, 29, 38, 41, 42, 43, 48, 52, 63, 64, 66, 71, 72, 73, 74, 75, 81, 83, 86, 87, 88, 90, 92, 93, 94, 95]
россия [0, 58, 60, 78]
нет [0, 13, 21, 22, 30, 31, 35, 41, 43, 44, 48, 55, 58, 60, 72, 75, 78, 79, 84, 85, 87]
подобный [0, 13, 19, 26, 29, 31, 64, 70, 71, 75, 79, 85, 93]
конфигурация [0, 1, 9, 18, 30, 32, 33, 36, 37, 40, 41, 42, 44, 45, 46, 47, 52, 53, 54, 55, 64, 72, 78, 79, 81]
модель [0, 1, 5, 9, 11, 15, 16, 17, 21, 22, 23, 25, 26, 27, 28, 29, 30, 32, 33, 35, 36, 37, 38, 39, 40, 41, 42, 43, 44, 45, 47, 49, 50, 51, 52, 53, 54, 55, 56, 58, 59, 60, 61, 62, 63, 64, 65, 67, 68, 72, 73, 78, 79, 81, 86, 89, 90, 92, 93, 95, 99]
msi [0, 21, 32, 33, 34, 63, 64]
bravo [0]
давно [0, 9, 13, 14, 21, 22, 23, 30, 43, 48, 55, 90, 99]
предлагаться [0, 11, 18, 36, 44, 45, 46, 47, 58, 59, 66]
отдать [0, 3]
тысяча [0, 45, 46, 47, 48, 79]
рубль [0, 45, 47, 48, 79]
большинство [0, 12, 17, 35, 41, 48, 54, 55, 73, 75, 76, 79, 84, 88]
по-прежнему [0, 25, 29, 38, 39, 41, 60, 66, 88]
поставляться [0, 11, 18, 27, 33, 35, 42, 44, 55, 59, 60, 78, 87]
nvidia [0, 12, 15, 21, 25, 27, 30, 32, 33, 35, 37, 38, 39, 40, 43, 45, 46, 47, 49, 50, 51, 52, 54, 59, 63, 64, 67, 72, 79, 81, 92, 96, 97]
intel [0, 2, 3, 5, 6, 12, 20, 27, 30, 32, 33, 34, 35, 36, 37, 38, 39, 40, 53, 55, 58, 59, 62, 63, 64, 66, 69, 72, 75, 77, 78, 79, 86, 88, 94, 98]
se [0]
использовать [0, 5, 35, 38, 41, 46, 49, 50, 51, 53, 55, 56, 61, 63, 64, 65, 71, 76, 79, 80, 82, 85, 86, 87, 92, 96, 99]
ryzen [0, 3, 12, 27, 34, 35, 44, 45, 46, 47, 49, 50, 51, 52, 54, 55, 56, 62, 63, 67, 72, 75, 78, 88, 91, 94, 98]
radeon [0, 79, 96]
который [0, 1, 5, 6, 12, 13, 14, 15, 19, 20, 21, 22, 24, 25, 26, 27, 30, 32, 33, 34, 35, 41, 42, 43, 46, 50, 51, 52, 53, 55, 56, 59, 62, 63, 64, 66, 67, 68, 71, 72, 74, 75, 76, 78, 79, 80, 81, 82, 83, 84, 85, 86, 87, 88, 89, 90, 91, 93, 94, 96, 97, 98, 99]
идти [0, 10, 17, 22, 23, 24, 55, 62, 67, 71, 73, 77, 79, 80, 85, 88]
речь [0, 10, 17, 22, 23, 24, 36, 55, 62, 67, 68, 71, 73, 77, 79, 85]
сочетаться [0]
rx [0, 81, 96, 97]
примерный [0, 24, 30, 43, 55, 56, 62, 70, 74, 75, 98]
примерно [0, 24, 30, 43, 55, 56, 62, 70, 74, 75, 98]
соответствовать [0, 26, 28, 42, 46, 48, 59, 74, 87, 94]
уровень [0, 3, 12, 15, 21, 24, 25, 26, 30, 43, 44, 45, 49, 54, 55, 57, 63, 66, 68, 75, 79, 81, 85, 87, 88, 95, 97]
core [0, 3, 32, 33, 34, 36, 37, 38, 39, 40, 51, 58, 62, 63, 64, 65, 75, 79, 88, 92, 98]
geforce [0, 12, 15, 21, 25, 27, 33, 39, 43, 44, 47, 49, 50, 51, 52, 54, 59, 64, 65, 67, 79, 92, 97]
rtx [0, 3, 12, 15, 17, 21, 25, 27, 30, 32, 33, 36, 38, 39, 40, 43, 44, 45, 46, 47, 49, 50, 51, 52, 54, 57, 62, 63, 64, 65, 67, 72, 81, 92, 96, 97]
оперативный [0, 9, 18, 35, 36, 37, 41, 45, 47, 52, 53, 55, 58, 59, 78]
память [0, 2, 9, 18, 28, 35, 36, 37, 41, 42, 43, 45, 47, 52, 53, 55, 58, 59, 78, 79, 86, 97, 99]
кто-то [0, 20]
может [0, 2, 5, 9, 10, 12, 14, 15, 16, 18, 19, 20, 21, 22, 25, 26, 29, 30, 33, 35, 37, 41, 47, 51, 59, 62, 63, 64, 71, 74, 80, 83, 85, 86, 87, 89, 95]
маленький [0, 9, 20, 24, 27, 28, 48, 50, 53, 76, 78, 81, 87, 88]
мало [0, 24, 27, 50, 53, 81, 88]
она [0, 7, 22, 24, 25, 26, 28, 30, 38, 41, 42, 47, 48, 50, 52, 53, 55, 57, 63, 68, 74, 75, 76, 78, 79, 80, 81, 82, 84, 85, 86, 87, 95, 96, 99]
её [0, 24, 25, 26, 28, 30, 41, 50, 53, 63, 68, 74, 75, 81, 99]
всего [0, 10, 12, 21, 22, 29, 33, 35, 39, 41, 44, 45, 48, 49, 51, 54, 55, 56, 59, 78, 81, 83, 87, 94, 98, 99]
гб [0, 9, 18, 28, 32, 33, 35, 36, 37, 38, 39, 41, 42, 43, 45, 47, 49, 51, 52, 53, 54, 58, 59, 67, 78, 79, 97, 99]
модуль [0, 4, 36, 41, 42, 52, 78]
легко [0, 89]
лёгкий [0, 30, 53, 76, 89]
можно [0, 8, 9, 11, 12, 15, 18, 21, 23, 24, 28, 30, 41, 45, 46, 47, 48, 55, 61, 63, 66, 72, 74, 79, 81, 83, 84, 85, 87, 96, 97]
заменить [0, 20, 47, 93]
рассказывать [0, 21]
наш [0, 9, 12, 30, 32, 34, 56, 64, 65, 75, 79, 83, 85, 87, 92, 93]
подробный [0, 8, 18, 56, 75]
обзор [0, 3, 30, 34, 41, 42, 48, 57, 75, 79]
корпус [0, 1, 11, 16, 18, 26, 32, 33, 36, 39, 41, 42, 44, 45, 46, 47, 50, 51, 54, 58, 60, 64, 71, 78, 87, 93, 99]
пластик [0, 42, 76, 87]
пластика [0, 42, 76, 87]
этот [0, 3, 4, 5, 8, 9, 10, 12, 14, 15, 16, 17, 18, 19, 20, 21, 25, 26, 27, 28, 29, 30, 31, 34, 35, 36, 37, 39, 40, 41, 42, 44, 45, 46, 47, 48, 50, 51, 52, 53, 55, 57, 58, 59, 60, 61, 63, 64, 66, 68, 72, 74, 76, 77, 78, 79, 80, 82, 84, 85, 86, 87, 88, 89, 90, 92, 94, 95, 96, 97, 98]
более [0, 1, 3, 5, 7, 12, 16, 26, 27, 28, 29, 30, 31, 34, 35, 37, 40, 44, 47, 49, 50, 53, 55, 56, 59, 60, 61, 63, 64, 66, 68, 72, 73, 74, 75, 79, 81, 82, 87, 88, 89, 90, 92, 95, 96, 98]
серьёзный [0, 18, 21, 22, 29, 41, 44, 53, 75, 79]
приемлемый [0, 87]
полный [0, 25, 39, 44, 47, 48, 79, 80, 85, 93]
характеристика [0, 1, 18, 21, 24, 25, 30, 32, 37, 41, 42, 43, 46, 49, 62, 64, 67, 68, 72, 75, 97]
привести [0, 10, 12, 21, 29, 34, 74, 81, 89]
далее [0, 9, 20, 27, 30, 45, 59, 60, 66, 74, 75, 78, 85, 88]
сейчас [0, 3, 5, 6, 9, 13, 15, 16, 28, 35, 45, 57, 65, 71, 75, 77, 79, 87, 88]
начало [0, 35, 48, 59, 74, 79, 80, 81, 86, 87, 94]
год [0, 2, 5, 6, 7, 8, 9, 10, 12, 13, 16, 18, 20, 22, 26, 27, 29, 31, 32, 35, 39, 41, 42, 45, 46, 47, 48, 49, 50, 51, 53, 55, 56, 63, 64, 66, 68, 69, 71, 72, 73, 74, 75, 77, 79, 80, 81, 82, 85, 86, 87, 94, 96]
многие [0, 6, 7, 8, 14, 15, 26, 27, 42, 51, 53, 63, 64, 66, 75, 77, 81, 83, 87, 88, 89, 93]
многий [0, 6, 7, 8, 14, 15, 26, 27, 42, 51, 53, 63, 64, 66, 75, 77, 81, 83, 87, 88, 89, 93]
российский [0, 45, 47, 48, 66, 78, 79]
школа [0, 66]
частный [0]
частное [0]
торговый [0, 4, 28, 31, 48, 77]
точка [0, 20, 55, 65, 66, 81, 82, 86, 92]
увидеть [0, 34, 53, 71, 72, 81, 90]
системный [0, 45, 84]
блок [0, 55, 64, 74, 78, 79, 87, 97]
windows [0, 1, 62, 66, 78, 83, 84]
самый [0, 2, 3, 5, 6, 9, 10, 17, 18, 20, 24, 33, 43, 45, 50, 53, 55, 56, 62, 64, 65, 68, 70, 71, 72, 74, 78, 79, 82, 84, 85, 87, 88, 90, 91, 94, 97]
сам [0, 2, 3, 5, 6, 12, 15, 29, 30, 41, 43, 53, 56, 61, 64, 67, 68, 71, 72, 74, 76, 78, 82, 84, 90, 94, 97]
есть [0, 5, 10, 11, 13, 21, 30, 32, 36, 44, 51, 56, 59, 65, 66, 75, 76, 79, 81, 84, 85, 89, 90]
xp [0, 84]
одноядерный [0, 34, 63, 98]
pentium [0]
мб [0, 95, 97]
таков [0, 20, 83]
реальность [0, 9, 19, 30, 95]
ежедневный [0]
ежедневно [0]
иметь [0, 16, 21, 24, 25, 34, 37, 38, 39, 41, 42, 43, 49, 51, 52, 53, 56, 57, 62, 63, 68, 71, 72, 74, 75, 76, 78, 82, 84, 90, 93, 97, 99]
деть [0, 3, 12, 15, 21, 24, 25, 26, 45, 47, 52, 53, 57, 66, 68, 74, 82, 85, 88, 92, 94, 99]
дело [0, 12, 15, 21, 24, 25, 52, 53, 57, 66, 74, 85, 86, 88, 92, 94, 99]
человек [0, 4, 17, 20, 22, 55, 85, 87]
мнение [0, 13, 68, 74]
правительство [0]
стоить [0, 2, 6, 11, 15, 19, 20, 28, 34, 53, 62, 66, 77, 87, 92, 94, 95, 98]
срочно [0]
срочный [0]
обратить [0, 79]
внимание [0, 8, 79, 92]
вопрос [0, 26, 76, 86, 91, 92]
помочь [0, 26, 61, 84, 85, 98]
временный [0, 35, 70, 94]
временной [0, 35, 94]
уменьшение [0, 53, 82]
ндс [0]
цифровой [0, 40, 41, 56, 64, 87, 95]
электроника [0, 14, 19, 77, 85]
резко [0]
резкий [0]
наступить [0]
эпоха [0]
дистанционный [0]
обучение [0, 62]
работа [0, 11, 14, 28, 29, 41, 42, 48, 51, 53, 54, 59, 62, 65, 68, 74, 89, 91, 92, 93, 98]
было [0, 22, 23, 24, 27, 29, 30, 34, 40, 42, 43, 51, 55, 56, 62, 63, 72, 74, 79, 81, 85, 87, 92, 96]
своевременно [0]
своевременный [0]
никогда [0, 73, 85]
новинка [1, 5, 10, 22, 24, 32, 35, 40, 42, 43, 45, 46, 47, 53, 54, 55, 58, 60, 64, 78, 92, 99]
xiaomi [1, 23, 35]
интриговать [1, 71]
китай [1, 23, 42, 48, 76, 77]
где [1, 17, 34, 36, 76, 77, 95, 98]
официально [1, 3, 13, 36, 42, 56, 57, 62, 63, 72, 84, 90]
продаваться [1, 3, 9, 41, 58, 60, 78, 90]
дать [1, 3, 4, 9, 21, 23, 26, 28, 30, 31, 34, 36, 39, 43, 44, 51, 56, 60, 61, 62, 63, 64, 65, 66, 67, 68, 71, 72, 73, 74, 75, 78, 80, 81, 82, 83, 85, 87, 89, 90, 93, 94, 95, 96, 98, 99]
данный [1, 3, 4, 9, 21, 23, 26, 28, 30, 31, 34, 36, 39, 43, 44, 51, 56, 60, 61, 62, 63, 64, 65, 66, 67, 68, 71, 72, 73, 74, 75, 78, 80, 81, 82, 83, 85, 89, 90, 93, 94, 95, 96, 98, 99]
момент [1, 3, 4, 12, 16, 21, 23, 26, 39, 44, 49, 56, 59, 62, 66, 70, 72, 73, 74, 75, 78, 79, 80, 85, 86, 87, 89, 93, 94]
житель [1]
регион [1, 41, 42, 47, 51, 73]
младший [1, 39, 42, 47, 79, 89, 90, 96, 98]
redmibook [1, 35]
pro [1, 5, 6, 10, 25, 35, 39, 41, 46, 48, 56, 59, 60, 71, 77, 79, 87, 90, 98, 99]
уж [1, 5, 8, 9, 12, 15, 16, 19, 20, 21, 22, 24, 28, 29, 35, 36, 41, 43, 47, 52, 53, 55, 57, 64, 65, 69, 70, 71, 73, 74, 75, 77, 80, 81, 82, 84, 86, 87, 89, 90, 94, 98, 99]
уже [1, 5, 8, 9, 12, 15, 16, 19, 20, 21, 22, 24, 28, 29, 35, 36, 41, 43, 47, 52, 55, 57, 64, 65, 69, 70, 71, 73, 74, 75, 77, 80, 82, 84, 86, 87, 89, 90, 94, 98, 99]
узкий [1, 5, 8, 9, 12, 15, 16, 19, 20, 21, 22, 24, 28, 29, 35, 36, 41, 43, 47, 52, 55, 57, 64, 65, 69, 70, 71, 73, 74, 75, 77, 80, 82, 84, 86, 87, 89, 90, 94, 98, 99]
jd [1, 34]
com [1, 21, 34]
три [1, 3, 5, 20, 21, 38, 49, 52, 57, 58, 66, 74, 78, 84, 95, 99]
различный [1, 3, 11, 13, 21, 26, 34, 36, 37, 42, 63, 74, 96]
старший [1, 30, 39, 47, 51, 52, 56, 63, 79]
оба [1, 11, 18, 32, 42, 47, 49, 53, 54, 56, 59, 62, 63, 92]
получить [1, 3, 10, 20, 26, 30, 32, 33, 35, 37, 38, 39, 40, 41, 42, 45, 49, 50, 51, 53, 55, 56, 62, 63, 67, 68, 69, 71, 72, 73, 74, 86, 87, 88, 95]
поддержка [1, 11, 14, 16, 20, 25, 30, 33, 39, 40, 41, 42, 43, 46, 49, 52, 53, 54, 55, 56, 58, 62, 63, 68, 74, 75, 90, 92, 93]
wi-fi [1, 32, 52, 56, 59, 63, 75]
выполнить [1, 11, 42, 78]
металлический [1, 41, 76]
дизайн [1, 22, 32, 39, 53, 64, 93, 97]
расцветка [1, 33, 41, 71]
starlight [1]
grey [1]
очень [1, 11, 15, 17, 18, 19, 34, 37, 39, 49, 55, 57, 59, 61, 62, 74, 75, 77, 79, 81, 85, 87, 89, 90, 99]
сильно [1, 41, 46, 52, 53, 75, 76, 81]
сильный [1, 41, 46, 51, 52, 53, 74, 75, 76, 81, 85]
напоминать [1, 18, 64, 76]
apple [1, 5, 8, 10, 11, 13, 16, 19, 20, 22, 48, 71, 75, 77, 79, 85, 89, 90]
macbook [1, 5, 10, 20, 71, 75, 77, 79, 90]
созвучный [1]
space [1]
gray [1, 33]
приводить [1, 27, 54, 75, 93]
основный [1, 16, 24, 30, 31, 42, 44, 45, 48, 63, 66, 73, 74, 75, 77, 78, 94, 99]
основной [1, 16, 24, 30, 31, 42, 44, 45, 48, 63, 66, 73, 74, 75, 77, 78, 94, 99]
стоимость [1, 5, 32, 33, 40, 41, 42, 48, 51, 63, 76, 99]
подойти [1, 18, 37]
нетребовательный [1]
геймер [1, 4, 6, 15, 72, 75, 76, 81]
он [1, 3, 6, 11, 13, 15, 20, 21, 30, 33, 37, 41, 42, 48, 51, 52, 54, 62, 64, 66, 68, 71, 74, 76, 77, 79, 80, 83, 84, 85, 87, 92, 96, 98, 99]
его [1, 20, 30, 33, 48, 52, 54, 62, 64, 66, 71, 74, 76, 79, 84, 85, 87, 99]
оно [1, 11, 12, 13, 15, 20, 30, 33, 42, 48, 51, 52, 54, 59, 62, 64, 66, 71, 73, 74, 76, 77, 79, 80, 83, 84, 85, 87, 92, 98, 99]
дисплей [1, 18, 22, 24, 26, 29, 32, 37, 38, 39, 40, 41, 42, 45, 46, 48, 49, 50, 51, 52, 53, 54, 55, 59, 61, 67, 76, 81, 82, 92, 93, 99]
поддерживать [1, 18, 24, 30, 40, 41, 42, 43, 51, 52, 54, 58, 65, 66, 68, 74, 87, 92, 99]
адаптивный [1, 51, 68]
частота [1, 21, 29, 30, 32, 37, 38, 41, 42, 43, 45, 46, 49, 50, 51, 52, 54, 59, 62, 63, 74, 75, 80, 81, 87, 88, 92, 97, 98]
обновление [1, 14, 15, 22, 26, 27, 29, 31, 32, 37, 38, 42, 43, 45, 46, 52, 54, 59, 66, 70, 73, 79, 81, 87, 89, 91]
гц [1, 29, 32, 37, 38, 41, 42, 49, 50, 51, 52, 54, 92]
постоянный [1, 36, 78, 79, 94]
выделяться [1]
ёмкий [1]
батарея [1, 29, 32, 33, 38, 42, 49, 51, 53, 56, 99]
вт⋅ча [1, 32, 33, 38, 49, 51, 53, 56]
вт⋅ч [1, 32, 33, 38, 49, 51, 53, 56]
вт⋅чий [1, 32, 33, 38, 49, 51, 53, 56]
новое [1, 2, 5, 10, 15, 17, 18, 19, 20, 22, 25, 26, 29, 30, 33, 34, 35, 36, 38, 39, 40, 41, 44, 45, 46, 49, 53, 55, 57, 58, 60, 62, 63, 64, 65, 66, 67, 68, 69, 72, 73, 74, 75, 77, 78, 79, 80, 81, 82, 85, 86, 90, 91, 92, 93, 95, 96, 97, 98]
новый [1, 2, 5, 8, 10, 12, 15, 16, 17, 18, 19, 20, 22, 24, 25, 26, 29, 30, 32, 33, 34, 35, 36, 38, 39, 40, 41, 44, 45, 46, 47, 49, 52, 53, 54, 55, 56, 57, 58, 60, 61, 62, 63, 64, 65, 66, 67, 68, 69, 72, 73, 74, 75, 77, 78, 79, 80, 81, 82, 84, 85, 86, 89, 90, 91, 92, 93, 95, 96, 97, 98]
функция [1, 11, 19, 26, 35, 36, 83, 88, 95, 99]
miui+ [1]
операционный [1, 66, 84, 99]
система [1, 8, 21, 24, 26, 29, 33, 37, 40, 52, 53, 59, 62, 63, 66, 70, 74, 84, 88, 92, 99]
сканер [1, 22, 41, 42, 47, 53, 61]
отпечаток [1, 22, 41, 42, 53, 61]
палец [1, 14, 47, 53, 89]
пальцев [1, 14, 53]
обеспечивать [1, 20, 28, 41, 43, 48, 51, 56, 63, 68, 74, 78, 97]
охват [1, 29, 35, 37, 39, 40, 46, 47, 52, 54, 59, 81, 82, 87]
цветовой [1, 29, 39, 40, 46, 47, 54, 59, 81, 82, 87]
пространство [1, 39, 40, 54, 82, 87]
srgb [1, 47, 52, 54, 81, 87]
набор [1, 25, 32, 37, 38, 49, 52, 53, 54, 64, 75, 87]
порты [1, 5, 32, 35, 36, 38, 39, 44, 46, 49, 52, 53, 54, 55, 63, 64, 78, 90]
порт [1, 5, 32, 35, 36, 38, 39, 40, 44, 46, 49, 52, 53, 54, 55, 63, 64, 78, 90]
включать [1, 37, 49, 72]
стандартный [1, 32, 40, 47, 67, 81, 84, 95, 99]
usb [1, 32, 35, 38, 40, 42, 46, 49, 52, 53, 55, 78, 87, 90]
аудио [1, 24, 38, 52, 68]
разъём [1, 38, 52, 53, 97]
разъесть [1, 38, 52]
сторона [1, 6, 15, 18, 27, 38, 53, 67, 76, 87, 93, 99]
type-c [1, 38, 49, 52, 53, 54]
hdmi [1, 5, 35, 38, 39, 40, 48, 49, 52, 53, 55, 78, 87]
thunderbolt [1, 5, 32, 33, 36, 40, 55, 58, 59, 63, 90]
доступный [1, 3, 10, 18, 24, 28, 32, 36, 37, 38, 39, 40, 41, 44, 48, 49, 51, 52, 53, 54, 57, 60, 61, 73, 79, 80]
предзаказ [1, 3, 41]
продажа [1, 5, 11, 18, 19, 32, 35, 36, 37, 39, 40, 41, 42, 43, 44, 46, 47, 48, 49, 50, 51, 52, 53, 54, 55, 59, 60, 86, 87, 88, 89, 92, 97]
стартовать [1, 53]
марта [1, 3, 5, 10, 29, 36, 38, 44, 46, 47]
март [1, 3, 5, 10, 29, 36, 38, 44, 46, 47]
laptops [1]
gizmochina [1, 23, 31]
sparrowsnews [1]
western [2]
digital [2]
kioxia [2]
сообщить [2, 20, 30, 74, 89]
завершение [2, 75, 80]
разработка [2, 66, 80, 82]
nand-память [2]
шестой [2]
поколение [2, 19, 20, 30, 33, 36, 37, 39, 40, 42, 47, 53, 58, 61, 63, 72, 74, 79, 88, 98]
ssd [2, 28, 32, 33, 37, 45, 47, 49, 51, 52, 54, 58, 59, 65]
количество [2, 3, 9, 10, 12, 15, 42, 46, 53, 57, 62, 67, 76, 79]
слой [2, 76]
увеличить [2, 9, 32, 42, 46, 53, 61, 63, 64, 81]
размер [2, 36, 41, 42, 48, 64, 74, 87]
чип [2, 28, 34, 41, 42, 50, 51, 53, 55, 56, 62, 63, 68, 69, 72, 74, 80, 90, 91, 94, 95]
уменьшить [2, 53]
итог [2, 20, 31, 53, 74, 81, 85, 87, 89]
кремниевый [2]
пластина-заготовка [2]
вмещать [2]
бит [2]
битов [2]
сравнение [2, 7, 12, 28, 34, 41, 42, 43, 51, 57, 62, 64, 74, 80, 81, 97, 98]
предыдущий [2, 37, 38, 42, 74, 98]
счёт [2, 22, 49, 61, 74]
масштабируемость [2]
технология [2, 22, 25, 30, 38, 39, 41, 43, 45, 48, 51, 56, 62, 68, 74, 82, 87, 92, 95]
шест [2]
плотность [2]
размещение [2, 83]
ячейка [2, 76]
увеличиться [2]
реализация [2, 26, 75]
circuit [2]
under [2]
array [2]
cmos [2]
удаться [2, 24, 50, 53, 62, 64, 76, 90, 91, 96]
поднять [2]
максимальный [2, 9, 12, 21, 28, 37, 46, 49, 51, 53, 64, 68, 72, 74, 75, 79, 87, 96, 98]
скорость [2, 28, 42, 61, 74, 75]
раз [2, 12, 39, 40, 42, 43, 53, 61, 71, 72, 74, 75, 79, 84, 87, 90, 92]
задержка [2, 19, 36, 51, 68, 92]
производительность [2, 3, 12, 18, 20, 21, 24, 28, 30, 34, 36, 40, 42, 43, 50, 51, 56, 57, 62, 63, 74, 75, 79, 80, 88, 94, 95, 96, 97, 98]
мегатранзакция [2]
секунда [2, 74, 88]
отметить [2, 6, 36, 48, 57, 66, 80, 86, 87, 92, 95, 96]
результат [2, 6, 12, 34, 53, 57, 62, 82, 88, 96, 98]
добиться [2, 75]
sk [2]
hynix [2]
micron [2]
samsung [2, 9, 11, 16, 26, 28, 29, 41, 42, 55, 59, 61, 73, 87, 99]
их [2, 4, 5, 12, 15, 19, 21, 23, 24, 25, 27, 30, 36, 41, 44, 48, 53, 56, 57, 58, 62, 69, 72, 74, 75, 78, 79, 81, 83, 84, 85, 86, 89, 91, 92, 96, 97]
они [2, 3, 4, 5, 8, 12, 15, 16, 17, 18, 19, 21, 23, 24, 25, 27, 28, 29, 30, 35, 36, 38, 41, 42, 44, 45, 46, 47, 48, 49, 51, 52, 53, 54, 55, 56, 57, 58, 61, 62, 63, 64, 66, 69, 70, 71, 72, 74, 75, 76, 78, 79, 81, 82, 83, 84, 85, 86, 87, 88, 89, 90, 91, 92, 93, 94, 96, 97, 98, 99]
актуальный [2, 26, 45, 47, 48, 68]
ymtc [2]
ещё [2, 5, 8, 12, 16, 18, 30, 39, 40, 42, 45, 48, 50, 51, 55, 63, 64, 66, 72, 73, 76, 77, 78, 79, 80, 81, 85, 86, 87, 90, 94, 95, 98]
отставать [2, 12, 55, 57, 79, 88]
вовсе [2, 18, 22, 25, 42, 66, 75, 81, 87]
продать [2]
реализовать [2, 21, 85]
реализованный [2, 21]
прототип [2, 82]
прошлое [2, 27, 36, 79, 85, 86, 88, 90, 94]
прошлый [2, 27, 36, 79, 85, 86, 88, 90, 94]
идея [2]
первое [2, 8, 18, 29, 30, 34, 39, 42, 49, 51, 52, 57, 61, 63, 64, 67, 74, 79, 87, 89, 90, 91, 94, 98]
первый [2, 3, 4, 8, 10, 12, 18, 20, 26, 29, 30, 34, 39, 40, 42, 43, 49, 50, 51, 52, 54, 55, 57, 61, 63, 64, 67, 73, 74, 75, 79, 81, 87, 89, 90, 91, 93, 94, 98]
основа [2, 18, 21, 34, 35, 43, 47, 56, 63, 72, 93]
должный [2, 3, 10, 15, 16, 26, 34, 35, 38, 43, 44, 47, 52, 55, 63, 64, 73, 74, 75, 77, 78, 81, 86, 87, 93, 94, 99]
появиться [2, 3, 22, 26, 34, 41, 43, 47, 51, 53, 70, 87, 91, 93, 95, 99]
ранний [2, 5, 22, 30, 63, 86]
квартал [2, 49, 51, 52, 63, 74, 94]
тома [2, 7, 8, 10, 12, 15, 16, 20, 21, 24, 25, 29, 30, 32, 36, 37, 52, 53, 57, 58, 68, 70, 71, 72, 74, 75, 79, 81, 83, 85, 87, 92, 94, 98, 99]
том [2, 7, 8, 10, 12, 15, 16, 20, 21, 24, 25, 29, 30, 32, 36, 37, 52, 53, 57, 58, 68, 70, 71, 72, 74, 75, 79, 81, 83, 85, 87, 92, 94, 98, 99]
тот [2, 3, 7, 8, 9, 10, 12, 13, 15, 16, 20, 21, 24, 25, 27, 29, 30, 32, 36, 37, 41, 42, 43, 46, 50, 52, 53, 54, 57, 58, 60, 61, 62, 63, 64, 66, 68, 70, 71, 72, 73, 74, 75, 76, 79, 81, 82, 83, 85, 86, 87, 88, 92, 93, 94, 95, 96, 97, 98, 99]
время [2, 3, 4, 9, 11, 15, 16, 25, 26, 27, 29, 30, 31, 32, 34, 35, 37, 38, 39, 40, 43, 48, 49, 51, 53, 54, 55, 56, 57, 59, 62, 63, 64, 68, 71, 73, 74, 75, 77, 81, 82, 84, 85, 86, 87, 90, 92, 96, 98, 99]
временить [2, 3, 4, 16, 29, 31, 51, 59, 62, 74, 81]
wd [2]
вполне [2, 21, 22, 25, 26, 30, 53, 55, 64, 81, 87, 89, 90, 97]
успеть [2, 56, 88, 89]
анонсировать [2, 30, 33, 34, 44, 50, 60, 62, 63, 64, 72, 94, 95]
седьмой [2, 53]
следующий [2, 21, 72, 73, 75, 93, 94]
следовать [2, 9, 21, 53, 72, 73, 75, 88, 93, 94]
технологический [2, 92]
рывок [2]
произойти [2, 53, 67, 85]
сдвинуть [2, 92]
план [2, 3, 5, 25, 27, 35, 37, 46, 55, 58, 62, 88]
blocks [2]
files [2]
rocket [3, 62, 65, 94, 98]
lake [3, 5, 30, 33, 35, 36, 58, 59, 62, 64, 65, 88, 94, 98]
класс [3, 36, 56, 63, 75]
потребление [3, 12, 25, 30, 75]
s [3, 16, 24, 35, 41, 88]
ватт [3, 12, 36, 74, 78]
настольный [3, 12, 57, 63, 81, 94]
сегмент [3, 4, 60, 95]
частый [3, 10, 12, 83, 86]
чаща [3, 10, 12, 83]
появляться [3, 86]
баз [3, 25, 72, 73, 74, 81]
база [3, 25, 72, 73, 74, 81]
данные [3, 4, 9, 21, 28, 30, 34, 36, 39, 51, 56, 60, 61, 62, 65, 66, 67, 72, 74, 75, 80, 82, 83, 85, 93, 94, 98, 99]
бенчмарк [3, 30, 34, 42, 79, 88, 94]
бенчмарков [3, 79]
бенчмарковый [3, 79]
удивительный [3, 77]
удивительно [3, 77]
настоящее [3, 12, 41, 75, 93]
настоящий [3, 4, 12, 22, 24, 30, 41, 75, 93]
мы [3, 18, 21, 22, 24, 25, 30, 34, 36, 43, 45, 46, 48, 53, 55, 56, 57, 62, 63, 64, 66, 70, 71, 72, 74, 75, 76, 79, 81, 84, 85, 87, 88, 89, 90, 91, 92, 93, 96, 97, 98]
знать [3, 10, 22, 25, 30, 48, 55, 62, 70, 84, 85, 88, 93]
конец [3, 5, 16, 18, 35, 43, 47, 56, 66, 75, 79, 86, 88]
источник [3, 5, 10, 16, 27, 31, 35, 48, 66, 76, 79, 80, 89]
сегодняшний [3, 26, 59, 68, 70, 82, 92]
новость [3, 5, 9, 10, 12, 16, 22, 27, 39, 61, 64, 80, 85, 86, 88, 89, 96]
наконец [3, 26, 36, 55, 56, 79, 81, 90, 92]
называть [3, 30, 54, 68, 74, 79, 82, 85]
точный [3, 24, 45, 58, 60, 62, 63, 72, 77, 81, 82, 85, 88, 90, 93, 96, 99]
дата [3, 16, 18, 31, 48, 59, 60]
говорить [3, 6, 12, 15, 16, 20, 28, 29, 30, 34, 52, 53, 55, 56, 61, 62, 63, 66, 71, 72, 74, 76, 79, 80, 87, 93, 94, 98]
говорят [3, 15, 16, 30, 61, 63, 66, 74, 79, 80, 87]
релиз [3, 5, 10, 64]
состояться [3, 6, 10]
тереть [3, 5, 20, 21, 38, 49, 52, 74, 84, 95]
неделя [3, 18, 39, 57, 73, 85, 93]
половина [3, 31, 62, 73, 76]
день [3, 11, 18, 26, 44, 45, 47, 68, 75, 82, 85, 88, 89, 92, 96]
североамериканский [3, 47]
близкий [3, 20, 26, 48, 57, 64, 71, 72, 73, 74, 75, 77, 81, 87, 98, 99]
европейский [3]
часы [3, 4, 11, 51, 54, 56, 99]
час [3, 4, 11, 51, 54, 56, 70, 99]
открыться [3, 41, 89]
действовать [3]
несколько [3, 4, 5, 8, 12, 18, 24, 27, 35, 37, 39, 45, 48, 49, 55, 56, 57, 66, 68, 72, 75, 77, 78, 81, 82, 87, 88, 93, 95]
канал [3]
выделить [3, 85]
сайт [3, 8, 18, 20, 23, 25, 30, 60, 64, 66, 67, 72, 75, 78, 79, 87]
принадлежащий [3]
принадлежать [3, 11, 54, 55, 86]
интересный [3, 16, 17, 34, 53, 79, 81, 90, 95, 98, 99]
интересно [3, 16, 17, 34, 53, 98]
реальный [3, 6, 7, 12, 25, 30, 34, 74, 87, 88, 97]
отгрузка [3]
начаться [3, 7, 19, 55, 77]
число [3, 7, 8, 12, 32, 37, 53, 57, 58, 68, 72, 75, 79, 83, 85, 87]
тестовый [3, 56, 87, 88, 93]
образец [3, 27, 30, 64, 66, 84, 87, 88, 93]
разрешить [3, 93]
опубликовать [3, 62, 69, 71, 75, 91, 96]
свой [3, 4, 5, 6, 10, 12, 13, 14, 15, 16, 20, 21, 22, 23, 25, 26, 27, 32, 36, 47, 50, 51, 53, 57, 61, 64, 66, 70, 71, 74, 75, 77, 78, 80, 83, 85, 86, 87, 89, 90, 93, 94, 96]
текст [3, 79, 87]
видео [3, 41, 42, 48, 56, 74]
получаться [3]
подтверждаться [3]
изменить [3, 21, 58, 64]
предложить [3, 55, 63, 68]
деньга [3, 14, 20, 48, 66]
фактический [3]
кот [3, 20]
мешок [3]
полагаться [3, 32]
ты [3, 21, 27, 46, 66, 70, 74, 75, 82, 83, 88, 96]
сведение [3, 58, 60, 69, 79, 80, 85, 86]
любопытно [3, 84]
любопытный [3, 84]
судить [3, 9, 22, 23, 30, 46, 48, 55, 61, 64, 71, 72, 74, 79, 94, 96, 97, 98]
информация [3, 30, 31, 44, 48, 56, 62, 64, 70, 72, 77, 80, 83, 85, 93]
одиннадцатитысячный [3]
компьютер [3, 24, 27, 66, 78, 83, 84, 85, 87, 90, 98]
давать [3, 12, 24, 57, 68, 69, 74, 75, 79, 82, 83, 88]
более-менее [3]
скудный [3, 49]
это [3, 9, 10, 12, 15, 16, 20, 21, 26, 27, 29, 30, 36, 37, 41, 48, 51, 52, 53, 59, 63, 66, 68, 74, 78, 80, 82, 85, 86, 87, 88, 89, 94, 96, 97, 98]
возможный [3, 10, 21, 32, 91]
завышение [3]
розничный [3, 48]
постараться [3, 20, 77, 79]
провести [3, 57, 62, 64, 66, 79, 83, 87]
собственный [3, 13, 14, 20, 26, 27, 34, 48, 64, 66, 74, 89, 90, 92, 96]
тест [3, 7, 34, 56, 57, 62, 63, 75, 79, 88, 96, 97, 98]
возможность [3, 24, 26, 31, 32, 36, 41, 47, 62, 66, 68, 73, 74, 75, 77, 87, 96]
wccftech [3, 65]
videocardz [3, 17, 67, 78, 91, 96, 98]
назад [4, 12, 55, 62, 85, 88, 89]
февраль [4, 7, 13, 18, 35, 43, 53, 55]
севроамериканский [4]
севроамериканскому [4]
hp [4, 56, 63]
посчитать [4]
нужный [4, 20, 27, 79, 88]
обнародовать [4]
соглашение [4, 27]
kingston [4]
выкуп [4]
hyperx [4]
ориентированный [4, 48]
ориентировать [4, 28, 35, 36, 48]
бренд [4, 25, 31, 86, 92]
известный [4, 6, 7, 8, 19, 21, 34, 59, 66, 69, 72, 77, 78, 80, 87]
мышка [4]
клавиатура [4, 46, 47, 51, 53, 64]
гарнитур [4, 95]
гарнитура [4, 95]
ram [4, 9, 45]
накопитель [4, 28, 35, 36, 37, 45, 47, 55, 78]
прочий [4, 5, 11, 30, 59, 69, 76, 84]
товар [4, 19, 31, 77, 87]
управление [4, 21, 87]
считать [4, 9, 16, 20, 27, 41, 52, 55, 63, 70, 82, 86]
доверять [4]
хотеть [4, 13, 15, 25, 47, 66, 69, 70, 96]
оседлать [4]
волна [4]
рост [4]
компьютерный [4, 66]
рынок [4, 13, 15, 55, 58, 60, 63, 81, 92, 94, 96]
немногие [4, 13]
немногий [4, 13]
демонстрировать [4, 24, 82]
стабильный [4, 51, 69, 82]
совсем [4, 9, 12, 20, 55, 57, 64, 66, 71, 75]
ясно [4, 18, 66, 78]
ясный [4, 18, 66, 78]
поступить [4, 5, 38, 93]
марка [4, 31]
маркий [4, 31]
будущее [4, 22, 26, 47, 61, 65, 71, 73, 74, 77, 81, 90]
будущий [4, 22, 26, 47, 61, 65, 71, 73, 74, 77, 81, 90]
носить [4, 87]
наклейка [4]
интегрировать [4, 26, 50, 53, 59, 74, 78, 79, 90, 95]
серия [4, 12, 26, 27, 28, 30, 40, 43, 44, 52, 53, 56, 58, 62, 64, 68, 96, 97]
omen [4]
логик [4]
логика [4]
подсказывать [4, 48]
наиболее [4, 59, 68, 81, 88]
вероятный [4, 30, 31]
варианта [4, 5, 12, 18, 20, 28, 32, 37, 49, 75, 79, 81]
вариант [4, 5, 12, 18, 20, 21, 28, 30, 32, 37, 44, 45, 48, 49, 75, 79, 81]
крайний [4, 6, 26, 31, 48, 55, 63, 66, 78, 79, 83, 88]
мера [4, 15, 26, 31, 48, 55, 63, 66, 70, 76, 77, 79, 83, 85, 88]
меря [4, 15, 26, 31, 48, 55, 63, 66, 70, 76, 79, 83, 88]
смесь [4]
два [4, 6, 18, 19, 26, 32, 33, 35, 36, 41, 42, 46, 48, 49, 51, 52, 53, 54, 56, 58, 59, 63, 78, 79, 90, 94, 97]
путь [4, 13, 15, 24, 30, 39, 66, 85]
развитие [4]
пресс-релиз [4, 45, 47, 55, 59, 99]
утверждать [5, 10, 21, 27, 30, 35, 63, 74, 78, 80, 89]
mb [5, 79]
выпустить [5, 16, 20, 21, 27, 29, 31, 36, 43, 75, 79, 89, 92]
поздний [5, 31, 33, 51, 56, 60, 63, 70]
осенить [5]
осень [5, 72]
удачливый [5]
предшественник [5, 38, 41, 42, 51, 61, 74]
разнообразие [5, 36, 44, 78]
стать [5, 10, 14, 19, 25, 26, 27, 29, 30, 33, 35, 39, 42, 46, 50, 53, 59, 61, 63, 68, 70, 71, 72, 73, 75, 81, 82, 86, 88, 94, 95, 97, 99]
привычный [5, 43, 95]
найтись [5]
место [5, 18, 22, 26, 76, 77, 83, 93]
полноразмерный [5, 35, 40, 47, 49, 52, 87]
картридер [5, 40, 47]
картридрать [5]
sd [5, 47, 74]
лёт [5, 8, 12, 27, 55, 77, 81, 82, 88]
обладатель [5, 93]
зависеть [5, 13, 30, 32, 41, 76]
переходник [5, 87]
док-станция [5, 53]
увеличение [5, 8, 76, 88]
итоговый [5]
владение [5, 86]
периферия [5]
потреблять [5, 12, 51, 53]
немалый [5, 66]
немало [5]
энергия [5, 20, 53, 88]
некоторый [5, 9, 21, 22, 25, 28, 30, 35, 37, 41, 45, 52, 56, 60, 62, 66, 68, 87, 88, 90, 91, 93]
некоторые [5, 9, 21, 22, 25, 28, 30, 35, 37, 41, 52, 56, 60, 62, 66, 68, 87, 88, 90, 91, 93]
поездка [5]
бывать [5]
бывает [5]
совершенный [5, 9, 17, 20, 48, 55, 65, 70, 74, 83, 90]
совершенно [5, 9, 17, 20, 48, 55, 65, 70, 74, 83, 90]
неприемлемо [5]
неприемлемый [5]
готовиться [5]
производительный [5, 29, 43, 74, 90]
silicon [5, 75]
продавать [5, 13, 48, 77, 78, 79, 85, 86]
air [5, 10, 19, 75, 79, 90]
ice [5, 88, 98]
coffee [5]
intel-версия [5, 35, 75, 79]
оставить [5, 22]
нынешний [5, 87, 98]
вид [5, 12, 17, 36, 64, 68, 71, 74, 78, 79, 85, 87, 97]
обновить [5, 10, 15, 24, 37, 38, 39, 40, 43, 45, 49, 50, 52, 56, 70, 74, 79, 80, 90]
современный [5, 10, 21, 28, 40, 47, 55, 59, 60, 68, 76, 83]
компонент [5, 18, 30, 32, 37, 40, 45, 46, 51, 52, 60, 86, 88, 92]
tiger [5, 30, 33, 34, 35, 36, 40, 58, 59, 62, 63, 64, 88]
вывести [5, 24, 77, 92]
окончательный [5, 79, 88, 97]
окончательно [5, 79]
подтвердить [5, 72]
приверженность [5]
ожидать [5, 10, 16, 20, 26, 35, 36, 60, 81, 87, 88, 91]
перемена [5]
отказ [5]
дюйм [5, 11, 16, 36, 45, 48, 54, 67, 99]
польза [5]
исчезновение [5]
touch [5, 22, 74, 79]
bar [5, 43, 63, 79]
macrumors [5, 8, 71, 89]
накрыть [6]
мороз [6]
русскоговорящий [6]
команда [6]
counter-strike [6]
global [6, 73]
offensive [6]
проявлять [6]
последний [6, 22, 25, 26, 28, 53, 56, 67, 71, 72, 75, 77, 82, 87, 96]
месяц [6, 35, 56, 85, 88]
хороший [6, 22, 29, 30, 37, 38, 39, 40, 51, 53, 61, 62, 63, 69, 72, 75, 79, 80, 86, 87, 88, 94, 95, 96, 97, 98]
проходить [6, 7, 26]
этап [6]
чемпионат [6]
extreme [6]
masters [6]
финал [6]
польша [6]
посещение [6]
игрок [6]
сеть [6, 22, 26, 32, 34, 67, 72, 78, 85, 91, 93]
особенно [6, 43, 87, 88]
особенный [6, 43, 87, 88]
показывать [6, 53, 96, 98]
успех [6, 94, 95]
право [6, 85]
достигнуть [6, 63, 94, 98]
евразийский [6]
экономический [6]
союз [6]
украина [6, 70]
недавний [6, 23, 29, 72, 81, 86, 98]
матч [6]
natus [6]
vincere [6]
virtus [6]
крайне [6, 78]
рекомендоваться [6]
просмотр [6]
пора [6, 12, 20, 29, 70, 72, 79, 83, 86, 88]
порыть [6, 12, 70, 79, 83, 88]
порой [6, 12, 70, 79, 83, 88]
приносить [6, 83]
вагон [6]
тележка [6]
удовольствие [6]
прошедший [6]
пройти [6, 7, 30, 53, 64, 67, 74, 87, 93]
бой [6]
датчанин [6]
astralis [6]
россиянин [6]
team [6]
spirit [6]
закончиться [6, 20, 87]
разгромный [6]
датский [6]
справедливость [6, 20]
миро [6, 33, 40, 71, 74, 77, 86]
мир [6, 33, 40, 71, 74, 77, 86]
cs [6, 75]
go [6, 75]
непостоянный [6]
вчера [6, 73]
считаться [6, 26, 77]
непобедимый [6]
сегодня [6, 53, 58, 63, 77, 78, 79, 86, 94]
проигрывать [6]
зелёный [6, 58]
новичок [6]
продолжение [6]
показать [6, 12, 25, 34, 35, 38, 64, 74, 98]
смочь [6, 26, 29, 51, 56, 63, 68, 97]
закрепить [6, 76]
www [6]
twitch [6]
вернуться [7, 21, 51]
относительный [7, 90]
норма [7, 16, 70, 83, 87, 93]
mwc [7]
shanghai [7]
техновыставка [7]
родственный [7]
barcelona [7]
вплоть [7, 28, 32, 40, 41, 74, 80]
посетитель [7]
маска [7, 22]
необходимость [7, 22, 92]
отрицательный [7]
вирус [7, 8, 69]
шанхай [7]
удачно [7]
удачный [7, 19, 88]
шанс [7, 23]
полноценный [7, 9, 11, 22, 44, 57, 59, 79]
открытие [7, 75, 87]
барселона [7]
увеличиваться [7, 87]
максимум [7, 74]
посетить [7]
пригласить [7]
журналист [7]
иной [7, 17, 79, 86, 90]
заинтересовать [7, 25, 75, 90, 99]
заинтересованный [7, 25, 75]
ход [7, 51, 53]
ожидаться [7, 10, 46, 60, 62, 67, 95, 97]
выступление [7]
презентация [7, 30, 34, 41, 56, 61, 62, 63, 97]
представитель [7, 34, 56, 62, 68, 73, 87, 88, 93, 96]
крупный [7, 9, 15, 48, 63, 70, 92]
компания [7, 9, 13, 15, 18, 19, 21, 23, 24, 25, 26, 27, 29, 30, 32, 34, 35, 36, 39, 43, 51, 53, 55, 56, 59, 62, 63, 66, 68, 69, 70, 71, 73, 74, 77, 80, 81, 82, 85, 86, 87, 91, 93, 95]
nokia [7]
huawei [7, 16, 87]
zte [7]
mobile [7]
world [7]
live [7]
virustotal [8]
онлайн-сервис [8]
позволять [8, 13, 26, 74, 79, 92, 95]
анализировать [8]
подозрительный [8]
файл [8, 18, 26, 84, 87]
антивирус [8, 66, 85]
сразу [8, 24, 41, 49, 53, 55, 56, 57, 58, 72, 79, 81, 97]
уметь [8, 19, 83]
разный [8, 18, 21, 35, 42, 48, 66, 71, 72, 74, 87]
находить [8, 98]
опасный [8]
требовать [8, 14, 20, 70, 82]
архитектура [8, 18, 21, 30, 35, 36, 50, 55, 56, 58, 59, 64, 65, 72, 74, 75, 79, 90, 94, 95, 96, 97, 98]
помощь [8, 41, 42]
программист [8]
патрик [8]
пишущий [8]
писать [8, 30]
полезный [8, 74]
утилит [8, 21, 63]
утилита [8, 21, 63]
безопасность [8, 35, 36, 83, 95]
macos [8, 48, 75, 79, 85]
найти [8, 18, 28, 30, 84, 87]
arm-версия [8]
существовать [8, 12, 21, 29, 49, 78, 84, 96]
существующий [8, 29, 49, 78]
pirrit [8]
изначально [8, 21, 29, 59, 75, 88]
изначальный [8, 21, 29, 58, 59, 75, 88]
написать [8, 84]
автор [8, 48, 66, 77, 79, 88]
довольный [8, 30, 36, 40, 48, 53, 64, 81, 89, 90, 97]
довольно [8, 30, 36, 40, 48, 53, 64, 81, 89, 90, 97]
разбор [8]
всеять [8, 21, 22, 35, 44, 80, 91, 96]
история [8, 20, 86]
материал [8, 24, 28, 42, 59, 74, 87, 99]
книжный [8]
характер [8]
по-английски [8]
впечатление [8]
толковый [8, 88]
многое [8, 51, 83, 87]
вывод [8, 19, 48, 88, 97]
продолжать [8, 13, 28, 66, 75, 77, 83, 91, 94]
притягивать [8]
недобрый [8]
глаз [8, 29, 55, 57, 88]
переход [8, 14, 22, 53, 74, 79, 81, 85, 90]
процессорный [8, 74, 88]
чёрный [8, 29, 35, 71]
делец [8]
воспринять [8]
по-деловому [8]
написатель [8]
написатеть [8]
objective-see [8]
wired [8]
oneplus [9]
стараться [9, 27, 66, 77]
выбор [9, 36, 40, 46, 49, 50, 52, 79]
объём [9, 15, 33, 36, 37, 38, 39, 45, 47, 49, 51, 52, 53, 55, 59, 67, 78, 95]
galaxy [9, 16, 41, 42, 61, 73]
plus [9, 60]
note [9, 41, 42]
максимально [9, 21, 64, 68]
ultra [9, 23, 38, 41, 48, 87, 92]
возрасти [9, 74]
текущий [9, 10, 26, 44, 74, 77, 81]
течь [9, 10, 26, 44, 74, 77, 81]
оснащаться [9, 32, 33, 35, 40, 64]
иметься [9, 51, 52, 72, 93, 97, 99]
собираться [9, 22, 26, 64, 71, 72, 85]
бежать [9]
паровоз [9]
увеличивать [9, 63, 94]
гигабайт [9, 36, 55, 79]
надо [9, 13, 14, 42, 53, 87]
над [9, 13, 14, 42, 53, 87]
заметить [9, 13, 14, 19, 53, 83, 87]
использование [9, 28, 42, 48, 49, 56, 63, 73, 82, 87, 97]
android-смартфон [9, 22, 61, 89, 99]
достаточно [9, 23, 37, 74, 79, 81]
достаточный [9, 23, 37, 66, 74, 79, 81]
чрезмерный [9, 13, 48, 55]
зависимость [9, 12, 18, 32, 46, 47, 57, 59, 62, 76, 92, 96]
того [9, 12, 13, 20, 29, 30, 42, 43, 50, 53, 54, 60, 61, 62, 63, 64, 68, 72, 73, 74, 75, 76, 79, 81, 93, 97]
герц [9, 45, 59, 87]
выдавать [9, 11, 34, 74, 83, 88]
экран [9, 11, 16, 18, 42, 45, 46, 47, 53, 55, 58, 59, 73, 74, 87, 89]
мегапиксель [9]
камера [9, 10, 37, 41, 42, 47, 73, 74, 89, 99]
подтвердиться [9]
хлопать [9]
ладоши [9]
проявление [9]
благоразумие [9]
иначе [9, 20, 28, 46, 85]
почему [9, 30]
встроить [9, 12, 18, 24, 32, 36, 38, 41, 42, 44, 47, 62, 66, 74, 79, 84, 99]
смартфон [9, 11, 14, 16, 20, 22, 23, 26, 29, 35, 41, 42, 61, 68, 74, 84, 86, 89, 93, 95, 99]
вы [9, 21, 30, 37, 64, 70, 73, 74, 81]
конечный [9, 13]
целить [9, 85]
цель [9, 85, 87]
отпускной [9]
труд [9, 26, 87, 93]
входить [9, 56, 86]
входящий [9, 56, 86]
карман [9]
флагман [9, 41, 42, 57, 73, 89]
maxwinebach [9]
происходить [10, 27]
событие [10, 74, 75]
появление [10, 12, 19, 26, 32, 33, 40, 42, 46, 50, 51, 54, 70, 90, 97]
ipad [10, 13, 77, 79]
mini [10, 75, 89, 90]
airtags [10]
аппаратная [10, 20, 41, 47, 49, 55, 89, 92, 97]
аппаратный [10, 20, 41, 47, 49, 55, 85, 89, 92, 97]
платформа [10, 19, 36, 47, 75, 78, 88]
планшет [10, 14, 31, 60]
соображать [10]
быстрый [10, 15, 37, 42, 51, 57, 61, 63, 73, 87, 88, 91]
кто [10, 13, 25, 36, 41, 66, 70, 76, 85]
очередь [10, 50, 83]
мини-версия [10]
вряд [10, 18, 48, 58, 59, 60, 75, 78]
мощный [10, 37, 46, 49, 50, 52, 57, 72, 81, 95, 96]
почесть [10, 17, 27, 34, 35, 46, 58, 65, 74, 75, 76, 77, 79, 83, 87]
почтить [10, 17, 27, 34, 35, 46, 58, 65, 74, 75, 76, 77, 79, 83, 87]
почти [10, 17, 27, 34, 35, 46, 58, 65, 74, 75, 76, 77, 79, 83, 87]
наверняка [10, 58, 88, 89]
стиль [10, 64]
середина [10, 35, 52]
конференция [10, 69]
сторонний [10, 21, 23, 90]
масштабный [10, 22, 53]
анонс [10, 39, 43, 57, 61, 64, 67, 81, 92]
card [10]
больший [10, 43, 54, 62, 71, 74, 78, 87, 95]
naver [10]
blog [10, 26]
fronttron [10]
bloombergtv [10]
включить [11, 38, 48, 54, 56, 79, 80, 88]
геолокация [11]
оценка [11, 34, 88, 98]
производитель [11, 12, 14, 15, 21, 22, 24, 25, 26, 27, 28, 30, 32, 33, 34, 38, 39, 40, 41, 46, 50, 51, 53, 59, 61, 62, 63, 64, 66, 67, 68, 71, 74, 76, 78, 81, 87, 89, 90, 92, 93, 99]
составить [11, 12, 16, 18, 34, 43, 53, 54, 80, 86, 87, 94]
ориентироваться [11, 19]
неплохо [11, 79]
неплохой [11, 52, 75, 79, 87, 97]
мерка [11, 87]
конкурент [11, 94]
спутниковый [11]
навигация [11, 99]
тут [11, 53, 87]
тута [11, 53, 87]
nfc [11]
бесконтактный [11]
платёж [11, 13]
garmin [11]
pay [11]
фитнес-функционал [11]
влагозащита [11, 42]
пульсомер [11]
монитор [11, 39, 48, 71, 81, 82, 87]
насыщенность [11]
кислород [11]
отслеживание [11, 85]
качество [11, 29, 41, 48, 49, 50, 52, 53, 55, 57, 66, 68, 79, 81, 82, 84, 87, 93, 96, 97, 99]
сон [11, 59]
enduro [11]
стальной [11]
версия [11, 12, 15, 16, 18, 21, 22, 23, 24, 26, 30, 32, 41, 42, 49, 50, 53, 57, 58, 74, 75, 78, 79, 81, 83, 84, 85, 90]
титан [11, 71]
нейлоновый [11]
ремешок [11]
верхний [11, 20, 99]
ценовой [11, 20, 68]
ценовый [11, 20, 68]
полок [11, 20, 88]
полка [11, 20, 88]
полк [11, 20]
запуск [11, 24, 51, 73, 85, 87]
разрешение [11, 32, 37, 41, 42, 47, 48, 55, 59, 65, 74, 81, 82, 87, 96, 99]
диагональ [11, 16, 29, 48, 49, 54, 58, 67, 81, 82, 87, 99]
отображать [11, 21]
уведомление [11, 73, 83]
подключить [11, 87]
дополнение [11, 33, 42, 59]
скин [11]
connect [11]
iq [11]
pocket-lint [11]
мобильный [12, 21, 25, 27, 30, 32, 33, 36, 37, 38, 39, 45, 50, 51, 52, 56, 57, 62, 63, 64, 72, 74, 78, 81, 94]
всегда [12, 39, 53, 66, 79]
делаться [12, 74]
сообразительный [12]
max-q [12, 21, 25, 30, 45, 50, 57]
проблема [12, 21, 22, 23, 25, 27, 30, 48, 69, 70, 79, 81, 85, 87, 89, 90]
встать [12]
острый [12]
теперь [12, 14, 15, 22, 24, 25, 27, 30, 34, 36, 38, 39, 40, 41, 42, 45, 50, 51, 53, 56, 57, 59, 62, 68, 73, 74, 75, 87, 90, 96]
формальный [12, 86]
формально [12]
обязанный [12]
обязать [12]
указывать [12, 13, 21, 24, 25, 30]
max-p [12, 30, 44]
карта [12, 15, 17, 18, 26, 42, 43, 47, 55, 78]
становиться [12, 61, 79]
жаркий [12]
жаркое [12]
тюнинг [12]
применяться [12, 87]
вживую [12]
порог [12]
обстоятельство [12]
родиться [12]
абсурдный [12]
ситуация [12, 21, 25, 30, 58, 60, 94, 98]
железко [12]
железка [12]
работать [12, 21, 22, 23, 29, 37, 38, 42, 43, 56, 61, 62, 65, 70, 71, 79, 87, 88, 89, 90, 99]
плохой [12, 25, 74, 88]
побывать [12]
лаборатория [12, 56]
вплотную [12]
приближаться [12]
полтора [12]
десяток [12, 27, 87]
десятка [12, 27, 87]
представление [12]
что [12, 20, 52, 72, 74, 75, 82, 89]
чего [12, 52, 72, 74, 75, 82, 89]
ждать [12, 22, 31, 35, 43, 45, 56, 62]
той [12, 21, 76, 95]
усреднить [12]
обезличить [12]
ноутбучный [12]
минимальный [12, 42, 55, 74, 97]
различие [12]
к/с [12, 41, 42, 63, 74]
второй [12, 18, 19, 20, 26, 27, 30, 35, 42, 47, 48, 49, 55, 61, 62, 79, 90]
причина [12, 19, 26, 27, 28, 70, 81, 97]
здесь [12, 13, 18, 28, 35, 36, 47, 57, 75, 78, 79, 85, 88, 92, 99]
настройка [12, 66, 74, 79, 83, 84, 85, 87, 96]
tgp [12, 21, 25, 30]
конкретный [12, 27, 31, 62, 71, 85]
напомнить [12, 39, 62]
thermal [12, 92]
graphics [12, 21, 30]
power [12, 21, 30, 42, 49]
tdp [12, 30, 34, 51, 55, 56, 57, 63, 88]
design [12, 90]
показатель [12, 56, 62, 94, 98]
означать [12, 92]
энергопотребление [12, 25, 30, 36, 43, 62, 80, 97]
выставить [12, 21, 25, 30]
втора [12, 18, 20, 35, 55, 62, 79]
тепло [12, 37, 52]
тёплый [12, 37, 52]
необходимый [12, 23, 37, 74, 92, 95]
необходимо [12, 37]
отвести [12]
графический [12, 30, 38, 43, 74, 75, 79, 88, 90, 97]
частенько [12]
параметр [12, 18, 21, 30, 55, 57]
путать [12]
сами [12, 29, 74, 90]
грешить [12, 53]
показаться [12, 19, 87]
чуть [12, 53, 56, 86, 87]
перегрузить [12]
терять [12, 86]
важность [12]
fire [12, 57]
strike [12, 57]
asus [12, 21, 25, 34, 48, 49, 50, 51, 52, 55, 56, 63, 72, 88]
rog [12, 49, 50, 51, 52, 72]
zephyrus [12, 34, 50, 72]
schenker [12]
xmg [12, 21, 25]
neo [12, 25]
aorus [12]
xc [12]
вечерний [12]
epic [13]
games [13]
подавать [13]
жалоба [13, 61]
юрисдикция [13]
заявление [13, 33, 34, 51, 74, 89]
подать [13]
ес [13, 60]
нести [13, 19, 47, 85, 87]
практик [13, 25, 74, 88]
практика [13, 25, 74, 88]
отношение [13, 23, 77]
приложение [13, 23, 26, 51, 74, 85]
распространять [13]
app [13, 26, 33]
store [13, 26, 90]
обязательный [13, 27, 31, 70, 75]
контроль [13, 26, 85, 93]
производить [13, 29, 48, 76, 77, 80, 86]
душить [13]
программный [13, 20, 84]
обеспечение [13, 95]
конкуренция [13, 48, 96]
прямо [13, 27, 35, 76, 77, 87, 93]
прямой [13, 27, 35, 48, 57, 76, 77, 87, 93]
недовольство [13]
любой [13, 14, 17, 18, 24, 26, 34, 65, 83, 87, 97]
транзакция [13, 26]
размещать [13, 64]
разработчик [13, 18, 20, 40, 56, 64, 74, 75, 83, 87]
руководство [13, 77]
страдать [13]
действие [13, 83, 85, 92]
софт [13]
чрезмерно [13, 48, 55]
настроение [13]
допускать [13]
пользователь [13, 14, 22, 23, 26, 34, 35, 36, 41, 51, 53, 54, 56, 59, 61, 66, 70, 74, 78, 81, 83, 85, 87, 89, 91, 93]
вынужденный [13, 75]
быль [13, 50, 53, 56, 57, 61, 62, 66, 71, 72, 86, 93, 96]
iphone [13, 16, 22, 26, 77, 89]
пользоваться [13]
противомонопольный [13]
обращение [13, 87]
spotify [13]
оставаться [13, 21, 24, 26, 29, 55, 64, 78]
желать [13, 49]
организовать [13]
какой-либо [13, 31, 63, 87]
услуга [13]
создание [13, 18, 27, 82, 86]
веб-приложение [13]
браузер [13, 26, 66, 70, 83]
выбрать [13, 41, 74, 78, 79]
microsoft [13, 60, 66, 84, 85]
проект [13, 14, 16, 18, 20]
xcloud [13]
businessinsider [13]
lineageos [14]
поставлять [14, 78]
практически [14, 25, 29, 30, 38, 42, 48, 81, 85]
чистый [14, 29, 66, 70]
android [14, 26, 41, 42, 73, 84, 99]
часть [14, 19, 32, 44, 54, 62, 64, 69, 71, 74, 75, 76, 77, 79, 80, 85, 93, 99]
получать [14, 26, 27, 33, 48, 59, 66, 75, 81, 82, 91]
способный [14, 41, 42, 51, 56, 62, 63, 74, 75, 76, 82, 98, 99]
продлевать [14]
жизнь [14, 25, 55, 64, 83, 85]
постепенно [14, 68]
постепенный [14, 68, 88]
устаревать [14]
бесконечный [14, 88]
бесконечно [14]
список [14, 21, 35, 46, 48, 54, 68, 91]
ранее [14, 25, 30, 39, 53, 56, 62, 71, 73, 74, 75, 77, 92]
переслать [14, 81]
перейти [14, 51, 81]
lineage [14]
os [14]
жаловаться [14]
выход [14, 16, 31, 39, 53, 56, 74, 79, 81, 94]
альтернативный [14, 85]
сборка [14, 40, 45, 46, 47, 79, 96]
пересчёт [14]
вызывающий [14]
вызывать [14]
доверие [14]
направленность [14]
рука [14, 79, 83, 87]
много [14, 18, 19, 26, 62, 76, 82, 87]
github [14]
police [14]
quazwersxce [14]
x [14, 20, 22, 38, 42, 49, 52, 53, 55, 88]
критика [15]
критик [15]
обозлить [15]
понятный [15, 49]
купить [15, 30, 46, 87]
скромный [15, 57, 76]
поставка [15, 48, 60]
майнера [15]
майнёра [15]
майнеры [15]
майнер [15]
готовый [15, 27, 36, 80, 82]
переплатить [15]
валюта [15]
подъём [15, 74]
отбить [15]
вложение [15]
быстро [15, 37, 57, 63, 88, 91]
реверанс [15]
майнёр [15]
майнеров [15]
любитель [15, 29, 33, 46, 61]
поиграть [15]
чувствовать [15, 27, 30]
забыть [15]
забытый [15]
сделать [15, 16, 21, 46, 47, 48, 61, 66, 83, 87]
zotac [15]
запись [15, 41, 69, 70]
twitter [15, 19, 34, 72, 91, 98]
вызвать [15, 85, 98]
пост [15, 18]
ярость [15]
оказаться [15, 20, 30, 32, 34, 57, 62, 64, 72, 89, 94]
столь [15, 22, 50]
впечатлять [15, 36]
впечатляющий [15, 36]
удалить [15, 85]
удалённый [15, 85]
решить [15, 23, 25, 26, 30, 40, 49, 51, 53, 79, 81, 87, 91, 96]
вмешаться [15]
громкий [15, 85]
слух [15, 22, 26, 27, 42, 56, 62, 72]
звучать [15]
звучащий [15]
инфопространство [15]
начать [15, 23, 29, 35, 42, 48, 55, 57, 59, 75, 79, 80, 85, 86, 94]
блокировать [15, 23, 85]
малый [15, 47, 61, 62, 65, 75, 76, 78, 81, 95]
замедлять [15]
вычисление [15]
майнинговый [15]
майнинговой [15]
типа [15, 33, 74, 81, 82]
тип [15, 32, 33, 54, 63, 74, 81, 82]
должно [15, 73, 77, 87]
драйвер [15, 21, 43, 66, 88]
прошивка [15, 23, 73]
железа [15, 25, 32]
железо [15, 25, 32]
охота [15]
скупать [15]
отдельный [15, 18, 24, 28, 48, 68, 74, 78, 80, 87]
видеовыход [15, 40, 49, 52, 55, 78]
покупать [15, 79, 86]
выйти [15, 22, 26, 37, 39, 49, 52, 62, 63, 74, 75, 81, 85, 88, 92, 94]
довести [15, 89]
кондиция [15]
драйверов/прошивка [15]
вообще [15, 20, 43, 71, 92]
выпускать [15, 20, 27, 28, 39, 61]
имя [15, 20, 31, 36, 58, 70, 72, 78, 79, 83, 87, 98, 99]
замена [15, 26]
разделить [15, 63]
функционал [15, 26, 41]
zotac_usa [15]
электромобиль [16, 24]
складной [16]
складный [16]
телефон [16, 77]
откладываться [16]
называться [16, 35, 64]
ассортимент [16]
pen [16, 41]
аналитик [16]
аналитика [16]
стилус [16, 41, 58]
непреложный [16]
решиться [16, 22]
отойти [16]
тренд [16, 53]
похожий [16, 19, 25, 30, 45, 47, 48, 52, 64, 77, 78, 79, 88, 98]
z [16, 61, 73]
flip [16, 73, 88]
fold [16, 61, 73]
основное [16, 24, 30, 31, 45, 66, 78]
pencil [16]
прикрепляться [16]
предполагать [16, 35, 69, 81, 96]
удобный [16, 61, 73, 87]
транспортировка [16]
компактный [16, 50, 56, 62, 63, 78, 86, 87, 89]
equalocean [16]
ограничение [17, 25, 28, 29, 35, 55, 57, 61, 88]
сбор [17, 20]
помещение [17]
уходить [17, 57, 69]
вводиться [17]
заново [17]
интернет-кафе [17]
искать [17]
способ [17, 24, 66]
заработок [17]
любая [17, 18, 26, 65]
люба [17, 18, 26, 65]
бизнес [17]
сфера [17]
обслуживание [17]
переключаться [17, 87]
деятельность [17]
верить [17, 27, 34, 55, 62, 63, 73, 81, 94]
публикация [17, 63, 79]
facebook [17, 70, 85]
вьетнамский [17]
каф [17]
кафе [17]
подрядить [17]
майнинга [17]
майнинг [17]
полусотня [17]
полсотни [17]
обычный [17, 18, 56, 57, 70, 81, 84, 86, 92, 95]
всякий [17, 27, 69]
модификация [17, 18, 53, 66]
подсветка [17, 46, 47, 76, 82, 99]
rgb [17, 37, 46]
взять [17, 30, 34, 74, 98]
столько [17, 27]
запас [17, 20]
ограничить [17, 39, 55, 56, 75, 87]
продлиться [17]
минимум [17, 43, 53, 66, 81, 87, 88]
май [17]
мая [17]
смотреть [17]
любоваться [17]
завидовать [17]
star [17]
gaming [17]
i_leak_vn [17]
рассказать [18, 27, 56, 62, 75]
подробность [18, 30, 36, 56, 64, 74, 87, 91, 92]
компьютеры-на-плата [18]
sbc [18]
внешне [18, 38, 64, 76, 90]
уступать [18, 66, 81, 96]
построить [18, 48, 62]
rockchip [18]
arm [18, 79, 80, 90, 95]
model [18, 24, 39]
a [18, 73]
b [18]
популярный [18, 26, 27, 61, 68, 89]
дистрибутив [18]
linux [18, 78]
ubuntu [18]
debian [18]
arch [18]
ос [18, 26, 66, 74, 78, 79, 85]
оса [18, 26, 66, 74, 78, 79, 85]
служить [18, 42, 87, 94]
четыре [18, 28, 46, 52, 53, 55, 58, 65, 74, 99]
ядро [18, 51, 56, 57, 62, 63, 74, 79, 95, 97, 98]
видеопроцессор [18, 55, 59, 75, 78, 79, 88]
mali [18]
загрузка [18, 66]
micro-sd [18, 47, 55]
wiki-страница [18]
чертёж [18]
гарантированно [18]
гарантированный [18]
совместимый [18, 42, 47, 58, 62, 74, 95]
интересность [18]
микрокомпьютер [18]
установить [18, 23, 25, 26, 30, 33, 34, 40, 41, 47, 49, 51, 66, 74, 76, 78, 83, 85, 89]
e-ink [18]
сенсорный [18, 53, 58, 89]
развернуть [18]
указать [18, 25, 30, 43, 55, 56, 60, 71, 78, 81, 89, 90]
слишком-то [18]
очевидный [18, 36, 48, 59, 74, 77]
очевидно [18, 36, 59, 74, 77]
правильный [18, 59]
английский [18]
местами [18]
противоречить [18]
друг [18, 25, 76]
таблица [18, 79, 88]
содержать [18, 63, 89]
небольшой [18, 20, 24, 75, 79, 81, 85]
неточность [18]
линия [18, 27, 28, 55, 59, 62, 65, 77, 93]
pcie [18, 27, 32, 37, 55, 59, 62, 63, 78]
говориться [18, 75]
sata [18, 28]
ревизия [18, 28]
третий [18, 28, 30, 75, 94, 95]
плата [18, 51, 65, 74, 78]
плат [18, 51, 65, 74, 78]
указываться [18, 24, 25, 50]
интерфейс [18, 26, 73]
специфичный [18]
uart [18]
spi [18]
понравиться [18, 44, 81, 87]
игрушка-машинка [18]
игрушек-машинка [18]
iot-штуковина [18]
прогнозирование [18]
погода [18]
старт [18, 42]
навскидку [18]
окончание [18]
китайский [18, 23, 34, 35]
предел [18, 30, 62, 87]
cnx [18]
software [18]
liliputing [18, 20, 36]
realme [19]
дорого [19]
мировой [19, 60]
популярность [19, 81]
второе [19, 26, 27, 30, 42, 47, 61, 90]
беспроводный [19, 24, 32, 36, 63, 68, 78, 99]
наушник [19, 68]
buds [19, 41]
индий [19, 77]
индия [19, 77]
flipkart [19]
откуда [19, 55, 88]
глава [19]
индийский [19]
отделение [19, 66]
мадхать [19]
шет [19]
недавно [19, 25, 30, 79, 89, 95]
что-то [19, 29, 30, 35, 53, 79, 87]
tws-наушник [19, 68]
известно [19, 59, 66, 72, 77, 78, 80]
приложение-компаньон [19]
приложения-компаньон [19]
link [19]
там [19, 24, 34, 40, 42, 43, 51, 56, 62, 69, 77, 81, 96]
ишан [19]
агарвал [19]
режим [19, 26, 51, 53, 65, 79, 96, 97]
интеллектуальный [19, 74]
активный [19, 61, 66, 68, 71, 78, 79, 82]
шумоподавление [19, 68]
классический [19, 58]
transparency [19]
подмешивать [19]
звук [19]
окружающий [19]
окружать [19]
поток [19, 51, 56, 62, 63, 98]
музыка [19, 66, 84]
уменьшать [19]
похоже [19, 25, 45, 47, 48, 77, 78, 79, 98]
одобрить [19]
малазийский [19]
регулировать [19, 25, 63, 86]
орган [19]
sirim [19]
gsmarena [19, 26]
позаботиться [20]
потому [20, 25, 26, 30, 43, 53, 54, 55, 62, 70, 73, 81, 85, 96]
весить [20, 27, 47, 55, 67, 76, 87]
грозить [20]
пойти [20, 30, 56, 64, 66]
хвост [20]
октябрь [20]
xda [20]
developers [20]
аналог [20, 22, 24, 57, 71, 81]
рунет [20]
скорый [20, 31, 62, 64, 80, 92]
выпуск [20, 22, 35, 39, 51, 62, 66, 82, 88, 92]
f [20]
tec [20]
последовать [20, 29]
кампания [20]
средство [20]
indiegogo [20]
базовый [20, 30, 79, 88, 98]
расстаться [20]
конструктивный [20, 90]
зрение [20, 55, 65, 66, 69, 81, 86]
партия [20, 89]
прийти [20, 32, 65, 74, 75, 77, 92]
январь [20, 27, 31, 34, 35, 37, 41, 42, 60, 64, 67, 72, 81]
радость [20, 79]
qualcomm [20, 41, 42, 61, 68, 74]
snapdragon [20, 23, 42, 68, 74]
закупить [20]
никакой [20, 23, 30, 50, 60, 72, 85]
снять [20, 35, 63]
производство [20, 29, 48, 69, 77, 80, 87, 90, 93, 94]
флагманский [20, 30, 32, 53, 61, 68, 74]
решение [20, 21, 26, 62, 76, 81, 90, 95]
прислать [20]
расходовать [20]
четверть [20]
средний [20, 68, 78]
цифра [20, 48, 57, 62, 63, 88, 94, 97]
название [20, 21, 25, 30, 32, 35, 49, 62, 72, 74]
разъярить [20]
разъярённый [20]
обратный [20, 62, 99]
обратно [20, 62]
сорвать [20]
сотня [20, 48, 78, 87]
покупка [20, 24, 26, 30, 41, 66, 81, 93]
наталкивать [20]
мысль [20]
скоро [20, 64, 80, 92]
прекратить [20]
читатель [20, 27, 30, 55, 66, 70, 75, 84, 88]
откладывать [20, 94]
слишком [20, 80]
дальний [20]
срок [20, 29, 32, 33, 36, 40, 50, 51, 54]
поздно [20]
fxtec [20]
community [20, 89]
forums [20, 93]
заключаться [21, 76]
computerbase [21]
целое [21, 48, 51, 52, 67, 74, 87]
целый [21, 32, 48, 51, 52, 64, 67, 74, 76, 87]
ampere [21, 30, 32, 37, 50, 51, 57, 64, 67, 72, 81]
laptop [21]
отказаться [21, 22, 25, 66]
брендинг [21]
создать [21]
разница [21, 30, 62, 79, 98]
достигать [21, 30, 33, 37, 47, 51, 52, 54, 59, 82]
вт [21, 24, 25, 30, 43, 49, 51, 54, 56, 63, 67, 97]
предельный [21, 30, 42, 43]
гп [21, 30]
советовать [21]
желание [21, 30, 66]
проявить [21]
аргументировать [21]
продукция [21, 80, 90, 92, 94]
попросту [21, 24]
закономерно [21, 97]
закономерный [21, 97]
отличие [21, 42, 53, 76, 84, 97]
сообщать [21, 29, 38, 43, 51, 52, 56, 77, 95]
the [21, 60]
verge [21, 60]
политика [21, 23]
политик [21, 23]
обязывать [21]
однозначно [21, 22, 96]
однозначный [21, 22, 96]
приветствовать [21]
одновременный [21, 26, 51, 56, 68, 74, 92]
одновременно [21, 26, 51, 56, 68, 74]
шаг [21]
шагом [21]
убрать [21]
отображение [21, 47, 51, 75, 81]
highest [21]
performance [21, 34]
dynamic [21, 25, 30, 41, 51]
boost [21, 25, 30, 33, 51, 62, 63, 88, 98]
сожаление [21, 42, 50, 54, 67]
надеяться [21, 38, 84, 87, 92, 95]
ошибка [21, 89]
снова [21, 76]
счастие [21, 75]
узнать [21, 30, 45, 63, 64, 72]
gpu-z [21]
вкладка [21]
sensors [21]
board [21]
draw [21]
искомый [21]
искомое [21]
значение [21, 74]
hotfix [21]
driver [21]
исправлять [21]
возвращать [21]
maximum [21]
панель [21, 26, 29, 32, 33, 37, 40, 42, 50, 53, 67, 73, 81, 82]
отображаться [21]
notebookcheck [21, 30, 64, 75, 88]
избавиться [22, 53]
id [22]
защита [22, 41, 85, 93, 99]
face [22]
впервые [22, 41, 89, 96]
разблокировка [22, 51]
лицо [22, 47, 55]
метода [22]
метод [22]
биометрический [22, 41, 59, 61]
эра [22]
ношение [22]
недовольный [22]
адаптировать [22, 26, 68]
реалия [22]
установка [22, 23, 24, 36, 65, 66, 78, 87]
присутствовать [22, 26, 42, 58, 68, 74, 84, 90, 93]
присутствующий [22]
подэкранный [22, 41, 61]
подэкрать [22, 41, 61]
ресурс [22, 51, 74]
ithome [22, 23, 64, 67]
намекать [22, 64]
вовсю [22]
улучшить [22, 26, 39, 40, 42, 50, 52, 73, 74]
возвращение [22]
знакомый [22, 36, 86]
клавиша [22, 53, 55]
клавиш [22, 53, 55]
свободный [22]
нея [22, 42]
перевести [22, 23, 53, 90]
взрослый [22]
oled [22, 29, 39, 40, 47, 48, 55, 59, 76, 81, 82, 87]
ничто [22, 30, 38, 51, 78, 87, 96]
мешать [22, 51]
купертиновец [22]
разработать [22, 56, 62]
грядущее [22, 26, 42, 63, 64, 72, 91, 98]
грядущий [22, 26, 34, 42, 63, 64, 72, 91, 98]
грясти [22, 26, 34, 42, 63, 64, 72, 91, 98]
интеграция [22, 39, 53, 62, 90]
потребовать [22]
являться [22, 32, 33, 41, 43, 46, 51, 53, 56, 68, 72, 76, 81, 93, 94, 96]
хорошеть [22, 51, 61, 96]
фанат [22, 24, 61]
вырез [22, 76, 99]
безрамочный [22]
изменение [22, 53, 74]
итеративный [22]
редизайн [22, 41, 53]
линейка [22, 30, 39, 40, 41, 42, 51, 56, 61, 64, 73, 96, 97]
яблочный [22, 85]
сервис [23, 70, 83, 85]
google [23, 26, 70, 85, 86, 93]
заблокировать [23, 56]
территория [23, 70, 77]
redmi [23, 35]
прибегать [23, 63]
скачивание [23]
apk-файл [23, 26]
пересмотреть [23]
западный [23, 77]
гигант [23, 92]
судебный [23]
разбирательство [23]
gms [23]
свежий [23, 24, 39, 53, 59, 64]
miui [23]
затрагивать [23]
бюджетный [23]
владелец [23, 26, 43, 61, 86, 89, 93]
аппарат [23, 51]
расслабиться [23]
обновиться [23, 74]
свежеть [23, 24]
сообщение [23, 80, 85]
форум [23, 89, 93]
чипсет [23, 41, 42, 62, 65, 68, 74, 99]
mediatek [23, 86]
dimensity [23]
блокировка [23, 73, 89]
оставлять [23]
устройство [23, 26, 33, 41, 56, 64, 71, 85, 87, 90, 95]
root-доступ [23]
глобальный [23, 73]
пока-что [23, 53, 56, 63, 64]
затронуть [23]
данна [23, 43, 63, 67, 68, 74, 81, 89, 93]
подтверждать [23, 64, 69]
участник [23]
комментарий [23, 48, 84, 89]
фигурировать [23, 34]
фраза [23]
miuies [23]
xiaomiadictos [23]
telsa [24]
внешность [24, 36, 42, 79]
измениться [24, 38, 39, 41, 53, 60, 79, 90]
где-то [24, 85]
слышать [24]
мультимедийный [24]
качественный [24, 53, 87]
динамика [24, 52, 53]
динамик [24, 52, 53]
общий [24, 35, 74, 82, 87]
мощность [24, 42, 49, 54, 67, 95, 97]
дополнять [24]
аналогичный [24, 29, 63, 67, 74, 98]
sony [24, 86, 99]
терафлопс [24]
словом [24]
слово [24, 30, 34, 41, 43, 73, 77, 79, 97]
пассажир [24]
tesla [24]
скучать [24]
промо-материал [24]
пк-игра [24]
witcher [24]
бортовой [24]
бортовый [24]
упоминать [24, 28, 31, 56, 71, 96]
любить [24, 86]
любимый [24, 86]
ведьмак [24]
понять [24]
игра [24, 33, 40, 55, 62, 74, 75, 79, 92, 96, 98]
упоминаться [24, 67, 68, 71, 72, 75]
играть [24, 74]
сидение [24]
машина [24]
машин [24]
подключение [24, 65, 85, 87]
контроллер [24, 28, 32]
опять [24]
какой [24, 27, 30, 38, 55, 62, 71, 85]
подозревать [24, 92]
геймпада [24]
геймпады [24]
xbox [24]
запускать [24, 26, 66, 79, 84]
дополнительный [24, 25, 26, 37, 38, 41, 51, 53, 54, 62, 67, 73, 79, 82, 83, 92, 95, 97, 98]
предназначить [24, 33, 56, 63, 68, 79, 87]
рекламный [24, 83]
отобразить [24]
неизвестный [24, 63, 64]
прийтись [24, 30, 31, 41, 45, 62, 78, 81, 87, 89, 92]
приобретать [24]
отдельно [24, 48, 68, 78]
уточняться [24, 40]
вновь [24, 41, 96]
удивить [24]
заодно [24]
понятие [24]
автомобиль [24]
приставка [25, 35, 72]
суть [25, 26, 63, 94, 97]
присущий [25]
ускоритель [25, 30, 52, 64, 90, 96]
поддерживаться [25, 36, 51, 54]
сократить [25, 57, 76]
наименование [25, 74]
действительно [25, 32, 38, 55, 72, 75]
действительный [25, 32, 38, 55, 72, 75]
упростить [25, 26, 49, 76]
пытаться [25, 30]
вслух [25]
произносить [25]
факт [25, 27, 31, 56, 62, 64, 69]
каждый [25, 30, 36, 41, 49, 51, 53, 78, 79, 88]
регулируемый [25, 63]
выставляться [25]
сцена [25]
честный [25, 75, 93]
честной [25, 93]
выходить [25, 75, 88]
страница [25, 66, 72, 83, 89]
заявить [25, 49, 54, 62, 93, 97]
топовый [25, 27, 30, 32, 38, 41, 44, 49, 53, 62, 64, 79, 97]
существенный [25, 74, 95]
существенно [25, 74, 95]
обходить [25, 57, 62, 96]
честно [25, 75]
прозрачный [25]
прозрачно [25]
хотеться [25, 55]
настолько [25, 77]
установленный [25, 49, 83, 85]
дождаться [25]
прекрасный [25, 85]
существование [25, 27, 44, 75, 90]
коробка [25, 27, 42]
коробок [25, 27, 42]
неполный [25]
расстраивать [25]
приставочка [25]
спрятать [25, 79]
раздел [25, 51, 89]
спецификация [25, 46, 55, 63, 90]
нигде [25]
вместе [26, 52, 74, 76]
ios [26]
back [26]
tap [26]
распознавание [26, 61, 74]
двойной [26]
касание [26]
постукивание [26]
тыльный [26, 42]
pixel [26, 41, 42, 93]
соответствующий [26, 28, 94]
гуглофон [26]
отсутствовать [26, 32, 41, 42, 63, 93, 99]
поначалу [26]
active [26]
edge [26]
пробный [26]
пол [26, 85]
пола [26, 85]
полый [26, 85]
добавить [26, 42, 64, 79]
pairs [26]
многооконный [26]
взаимодействие [26, 41]
chrome [26]
эффективно [26, 37]
эффективный [26, 37, 40]
взаимодействовать [26]
открыть [26, 74, 85]
открытый [26, 85]
окно [26]
поиск [26]
заведение [26]
схожий [26, 89]
улучшение [26, 38, 40, 53, 74, 99]
oneui [26, 73]
ввести [26]
гибкий [26, 61]
осознать [26]
актуальность [26]
форм-фактор [26]
глубинный [26]
сообщаться [26, 37, 38, 62, 63, 98]
упрощённый [26, 49]
доступ [26, 43, 51, 73, 80, 88]
play [26]
особо [26, 95]
сопрячь [26]
трудность [26, 89]
захотеть [26]
усилить [26, 90]
платёжный [26]
снижение [26, 76, 80, 81]
доход [26]
techradar [26]
слабый [27]
девятитысячный [27]
десятитысячный [27, 65]
устанавливаться [27, 36, 45, 47, 61, 81]
super [27, 51, 57, 64, 92]
польский [27]
портал [27]
purepc [27]
тайный [27, 35]
прямая [27, 48, 57]
приказать [27]
ставить [27, 28, 57]
мощнеий [27]
выглядеть [27, 48, 64, 83, 86, 87, 97]
правдоподобный [27]
правдоподобно [27]
накладываться [27]
десятилетие [27]
заключать [27]
негласный [27]
ухудшить [27, 41]
позиция [27, 29, 86]
буквальный [27, 30, 92]
буквально [27, 30, 92]
держать [27, 35, 76, 87]
глотка [27]
глоток [27]
блогер [27, 85]
обзорщик [27, 91]
выставлять [27]
требование [27, 35, 55, 59, 81]
сравнивать [27, 45, 97]
оформить [27, 41]
кадр [27, 48, 51, 74, 79, 88]
видеоролик [27]
обязательно [27, 31, 75]
задний [27, 38, 53]
противный [27]
переставать [27]
бесплатный [27, 83]
тестирование [27, 45, 48, 56, 73, 79, 87, 96, 98]
оправдание [27]
выступить [27, 45, 89]
нехватка [27]
пропускной [27, 28, 32, 43, 65, 97]
способность [27, 28, 32, 43, 65, 81, 97]
предоставить [27, 63, 80]
аргумент [27]
неприятный [27, 88]
неприятно [27]
пахнуть [27]
угроза [27]
радовать [27, 53]
xxi [27]
век [27]
веко [27]
пробыть [27]
монополист [27]
брать [27, 72]
сколько [27]
приходить [27, 39, 70, 86, 89]
расплата [27]
соответственно [27, 39, 42, 47, 64, 82, 93, 95, 98, 99]
соответственный [27, 39, 42, 47, 64, 82, 93, 95, 98, 99]
отреагировать [27]
опровержение [27, 31]
перевод [27, 34, 66, 69, 77]
решать [27]
evo [28, 59]
домашний [28, 73]
профессиональный [28, 35, 36, 48, 72, 87, 95]
применение [28, 63, 95]
ёмкость [28, 32, 33, 42, 49, 51, 52, 53, 58, 59, 99]
тб [28, 33, 37, 45, 47, 49, 52, 55, 59]
предложение [28, 83, 97]
американский [28, 48, 60]
площадка [28, 45, 48, 58, 78]
amazon [28, 34, 48, 99]
некий [28, 55, 83, 86]
прирост [28, 56, 62, 74, 80]
важный [28, 30, 36, 49, 55, 65, 66, 68, 74, 86, 87, 91]
рядовой [28, 35, 47]
метрика [28]
важно [28, 55, 65, 87]
понимать [28, 30, 85, 88]
главное [28, 40, 74, 79]
главный [28, 40, 74, 79, 90]
выступать [28, 52, 53, 81, 93]
протокол [28, 35, 45]
передача [28, 68, 75]
шина [28, 55, 97]
теория [28, 31, 98]
гигабит/сека [28]
гигабит/сек [28]
гигабит/сечь [28]
гигабит/сёк [28]
мегабайт/сёк [28]
мегабайт/сек [28]
мегабайт/сечь [28]
мегабайт/сека [28]
nvme [28, 32, 33, 35, 37, 45, 49, 51, 52, 54]
pci-express [28, 65]
намного [28, 53, 87]
задача [28, 30, 74]
неттоп [28, 36, 78]
неттоповый [28]
отсечь [28]
отсек [28, 55]
iii [28]
твердотельный [28]
жёсткий [28, 45, 79, 85, 87, 88]
диск [28, 45, 51, 85]
редкость [29]
невероятный [29, 68, 81]
контрастность [29, 48, 59, 76, 82, 87]
абсолютный [29, 72]
наряду [29, 77, 81]
наряд [29, 77, 81]
широкий [29, 35, 43, 59, 87]
lcd [29, 38, 87]
покорять [29]
сталь [29, 68, 70, 71, 82, 86]
обыденный [29]
плавность [29]
анимация [29]
геймплей [29]
геймплея [29]
гораздо [29, 74]
горазд [29, 74]
выша [29, 32, 34, 81, 87, 94, 98]
высоко [29, 32, 34, 81, 87, 94, 98]
выше [29, 32, 34, 81, 87, 94, 98]
чисто [29]
субъективно [29]
субъективный [29]
шустрый [29, 65, 78, 88]
подразделение [29]
display [29, 48]
намереваться [29]
пошатнуть [29]
высокочастотный [29]
планироваться [29, 64, 81]
затем [29, 74]
остальной [29, 39, 46, 49, 58]
оговариваться [29]
отклик [29, 38, 48, 49, 51, 54, 59, 74, 81, 87]
читать [29]
пиксель [29, 41, 42, 49, 53, 59]
новенький [29]
пощупать [29]
высокий [29, 30, 37, 40, 41, 50, 68, 79, 81, 82, 87, 95, 98]
вероятность [29, 64, 81, 95, 98]
нормальный [29, 89]
понадобиться [29, 37]
повышенный [29, 99]
повысить [29, 99]
расход [29, 88]
оценить [29, 88]
они-то [29]
ощутить [29, 65]
прелесть [29]
businesswire [29]
выставка [30, 34, 49, 56, 64, 67, 72]
ces [30, 34, 37, 38, 44, 49, 50, 52, 56, 63, 64, 67, 72, 81, 92]
уcкоритель [30]
третье [30, 75, 95]
whispermode [30]
публиковать [30]
эксклюзивный [30, 32, 58]
утечка [30, 32, 34, 42, 43, 62, 63, 67, 72, 76, 96, 98]
бенчмарка [30, 34, 42, 88, 94]
предпродажный [30, 57, 87, 88]
образцов [30, 66, 84, 88, 93]
сложный [30]
сложно [30]
тестироваться [30]
зачастую [30, 81]
полновесный [30, 50]
turing [30, 57, 96]
выпускаться [30, 32, 33, 37, 52, 71, 97]
энергоэффективный [30, 56, 74]
использоваться [30, 36, 41, 47, 51, 53, 64, 66, 74, 90, 95, 96, 97, 99]
тонкий [30, 33, 36, 39, 53, 54, 61, 63, 76, 78]
лёгкое [30, 53]
приход [30, 45, 60]
меняться [30, 47, 75, 76]
взглянуть [30, 34]
предположить [30, 72]
настраивать [30, 88]
total [30]
варьироваться [30, 37]
напрямую [30, 76]
старшой [30, 52, 56, 79]
превзойти [30]
катастрофа [30]
объем/тип [30]
видеопамять [30, 33, 36, 43, 67, 97]
простой [30, 46, 47, 51, 85, 87]
рассчитывать [30]
штудировать [30]
тщательный [30]
имплементация [30]
маломощный [30]
развить [30]
так [30, 34]
то [30, 34]
т [30, 34]
д [30]
задействовать [30, 74, 75]
ничего [30, 38, 78, 96]
пошлый [30]
подбора [30]
подбор [30]
превратиться [30]
квест [30]
квеста [30]
убедиться [30]
обещать [30, 43, 74, 92, 98]
интернет [30, 85]
повод [30, 55, 89]
сказать [30, 41, 42, 51, 77, 78, 88, 93]
тщательно [30]
тестировать [30, 76]
желаемый [30]
обмануть [30, 85]
vivo [31]
iqoo [31]
nex [31]
oppo [31]
случиться [31]
завтра [31]
течение [31, 49]
подтверждение [31, 94]
приводиться [31, 67]
регистрация [31]
частность [31, 35, 62, 77, 79, 85]
pad [31]
book [31]
новостей-слух [31]
новость-слух [31]
оказывается [31, 96]
оказываться [31, 88, 96]
пустышка [31]
долго [31, 85]
долгий [31, 59, 85, 96]
вечер [31]
пополнение [31]
копилка [31]
weibo [31, 35]
mydrivers [31]
правдивый [32, 62]
raider [32, 33, 64]
необычный [32, 99]
вавилонский [32, 64]
иконопись [32]
мероприятие [32, 64, 67]
msiology [32, 64]
dragon [32, 33]
tiamat [32]
смена [32, 74, 77, 92]
gt [32]
titan [32]
котор [32]
представлять [32, 49, 56]
честь [32]
богиня [32]
rgb-подсветка [32, 64]
steelseries [32]
передняя [32, 54, 64]
передний [32, 54, 64]
частить [32, 44, 54, 64, 69, 71, 75, 76, 77, 80, 99]
связка [32]
fhd [32, 33, 37, 38, 39, 40, 42, 49, 52, 53, 54, 92]
обладать [32, 39, 53, 54, 62, 63, 71, 98, 99]
упомянуть [32, 53, 59, 63, 66, 67, 74]
оз [32, 33, 38, 39, 41, 42, 49, 51, 54, 99]
озу [32, 33, 38, 39, 41, 42, 49, 51, 54, 99]
предлагать [32, 36, 41, 45, 46, 55, 59, 63, 67, 94]
отличный [32, 59, 72, 94]
сетевой [32, 46]
проводной [32, 99]
killer [32, 63]
адаптер [32, 42, 46, 49, 54, 63, 67]
гбит/сый [32, 78]
гбит/снуть [32, 78]
гбит/с [32, 78]
прошлогодний [32, 37, 39, 42, 45, 49, 51]
питание [32, 33, 37, 38, 46, 47, 49, 51, 54, 57, 67, 78, 86, 87, 88, 97]
отвечать [32, 35, 41, 42, 51, 55, 74, 85, 88]
уточнять [32]
stealth [33, 34]
путешествие [33]
толщина [33, 39, 53, 54, 61, 82]
составлять [33, 38, 39, 41, 42, 49, 51, 53, 54, 67, 74, 94, 97, 98, 99]
вес [33, 46, 50, 54, 76, 82, 87]
кг [33, 50, 54, 67]
сердце [33]
семейство [33, 34, 35, 55, 57, 62, 63, 76, 88]
охлаждение [33, 37, 38, 40, 52, 53, 55, 57, 88]
cooler [33]
вентилятор [33, 37, 38, 52, 53, 75, 79]
объесть [33, 37, 38, 39, 49, 51, 52, 53, 67]
заводский [33, 40, 87]
заводской [33, 40, 87]
ips-level [33]
автоматически [33, 74, 84]
ответственный [33]
продукт [33, 71]
center [33]
фирменный [33]
player [33, 84]
nahimic [33]
carbon [33, 53]
pure [33]
white [33]
tuf [34]
dash [34]
предполагаться [34, 48, 59, 78]
однопоточный [34, 56, 75, 98]
cinebench [34, 56, 75, 88]
обнаружить [34]
никто [34, 55, 85, 89]
ник [34, 89]
скриншот [34]
проводиться [34, 66, 87]
балл [34, 75, 98]
тесть [34, 56, 98]
тесто [34, 56, 57, 79, 88, 96, 98]
набрать [34, 98]
бенчмарке [34]
master [34]
lu [34]
cpu [34]
benchmark [34]
верный [34]
заметный [34, 57, 62, 64, 70, 74, 79, 81, 85, 88, 93]
заметно [34, 57, 70, 79, 81, 88]
измерять [34]
отставание [34, 57, 75, 96]
однопоток [34]
естественно [34, 53]
естественный [34, 53]
превосходство [34, 79, 98]
specrate [34, 63]
кажется [34, 55]
казаться [34, 55]
независимый [34, 62]
ч [34]
h-серия [34, 56, 72]
https [34]
//www [34]
st [34]
//t [34]
pic [34]
приготовить [35, 59]
пятитысячный [35, 44]
видимость [35, 44, 80]
amd-версия [35]
отличаться [35, 37, 47, 49, 54, 57, 75, 85, 87, 95]
отсутствие [35, 55, 90]
припаять [35, 55, 59]
внутренний [35, 58, 70]
типоразмер [35, 36, 46, 87]
m [35, 36, 51, 54, 78]
тогда [35, 49, 77, 79, 87, 98]
явный [35, 53, 87]
матрица [35, 46, 47, 48, 49, 54, 55, 59, 76, 82, 87]
ips [35, 38, 40, 45, 46, 47, 48, 54, 55, 58, 59, 67, 76, 81, 87]
ум [35]
чего-то [35]
по-настоящему [35, 59]
спектр [35, 48, 87]
adobergb [35, 47, 48, 54, 81, 87]
quadro [35, 72]
vpro [35, 36]
приходиться [35, 81, 89]
государственный [35, 66]
служба [35]
внести [35]
сотрудничество [35, 86]
военный [35]
потенциальный [35, 85]
потенциально [35, 85]
повлиять [35]
снятой [35]
президент [35, 77]
никак [35, 93]
деловой [35]
активность [35, 63, 74]
geekbench [35, 75, 98]
gizchina [35]
myfixguide [35, 86]
изрядный [36]
nuc [36]
предназначение [36]
u [36, 75]
simply [36]
собирать [36, 85]
мини-компьютер [36, 78]
оснащение [36]
принимать [36, 77]
предварительный [36, 41]
заказ [36, 41, 47, 79, 86]
выполнение [36, 74]
немного [36, 45, 57]
массовый [36, 76, 77, 82]
кодовый [36, 72]
panther [36]
canyon [36]
толстый [36]
толстой [36]
зарядка [36, 41, 42, 49, 52, 54, 99]
предоставлять [36, 40]
внутрь [36]
видеть [36, 42, 57, 72, 74]
положительный [36, 53]
положительно [36]
скрываться [36]
среда [36, 74]
phantom [36, 41]
соотношение [36, 46, 53, 58, 67, 82, 94, 99]
литр [36, 78]
исполнение [36]
шестью [36]
шесть [36, 66]
simplynuc [36]
alienware [37, 48]
четвёртый [37, 55]
компонента [37, 40, 46, 51, 52, 60, 86, 92]
разнообразный [37]
raid-массив [37]
отводить [37]
разочаровывать [37]
оснастить [37, 55, 58, 64, 79, 81, 88]
лопасть [37]
испарительный [37]
глубина [37, 51, 53, 54]
цвета [37, 44, 46, 55, 58, 59, 71, 87]
цвет [37, 44, 46, 55, 58, 59, 71, 76, 87]
лучше [37, 38, 75, 87, 88, 94, 95]
яркость [37, 46, 47, 53, 54, 55, 81, 87]
нит [37, 53, 54, 81]
adobe [37]
дополнительно [37, 38, 41, 51, 53, 54, 62, 67, 97]
награда [37]
innovation [37]
award [37]
honoree [37]
acer [38, 45, 63, 67, 88]
вложить [38]
усилие [38]
predator [38]
helios [38]
идентичный [38, 42, 49]
type- [38]
mini-displayport [38]
гигабитный [38]
ethernet [38]
комбинированный [38, 49, 52]
комбинировать [38, 49, 52]
уточнить [38]
processor [38, 74]
benchmarks [38]
and [38, 71]
specspredator [38]
подсистема [38, 74]
апгрейд [38, 41, 53, 66]
прибавка [38]
мс [38, 49, 51, 54, 81]
разгон [38, 51, 54, 56, 62, 63, 72, 97, 98]
overdrive [38, 54]
акустика [38]
акустик [38]
dts [38]
audio [38, 68]
симуляция [38]
объёмный [38]
звучание [38]
акб [38]
aeroblade [38]
coolboost [38]
прилавок [38]
razer [39]
blade [39]
advanced [39, 92]
конструкция [39]
base [39]
qhd [39, 51, 52]
примечательный [39]
примечательно [39]
oдисплить [39]
oдисплей [39]
oдисплейя [39]
oдисплея [39]
похвастаться [39, 40, 51]
g-sync [39, 92]
optimus [39, 92]
задержаться [39]
комплектоваться [39, 40, 52, 67]
ограниченный [39, 55, 56, 75]
г [39]
завод [39, 40, 45, 48, 49, 52, 54, 59]
gigabyte [40]
aero [40]
компактность [40]
идеальный [40, 63, 87]
цветопередача [40, 82, 87]
профессионал [40]
контент [40, 56, 64, 74]
устаревший [40]
устареть [40]
ныне [40, 79]
lake-h [40, 62, 63, 64, 72]
переходить [40, 42, 66]
связать [40, 87, 90, 92]
калибровка [40, 87]
xrite [40]
pantone [40]
стандарт [40, 42, 46, 48, 53, 54, 55, 68, 81]
vesa [40, 54]
displayhdr [40, 54]
true [40]
black [40, 41, 71, 90]
hdr [40, 46, 48, 59, 74]
калиброваться [40]
попасть [40, 44, 46, 76, 79]
странно [40, 49]
странный [40, 49, 62]
хорошо [40, 61, 79, 97]
подходить [40, 56, 95]
type-a [40, 49, 52, 53]
displayport [40]
uhs-ii [40]
учитывать [41, 64]
amoled [41, 42, 87]
wqhd+ [41]
динамический [41, 74]
exynos [41, 42]
ультра-смартфон [41]
bluetooth [41, 52, 56, 68, 74]
специальный [41, 42, 52]
слот [41, 42, 51]
хранение [41, 65]
приобрести [41]
чехол [41, 87, 89]
wacom [41, 58]
украшать [41]
пластина [41]
мп [41, 42, 74, 99]
фотосенсор [41, 42, 74, 99]
isocell [41]
hm-серия [41]
бинирование [41]
nonacell [41]
мкм [41, 42]
единственный [41, 77, 78, 79]
телеобъектив [41, 42]
зум [41, 42]
ультраширокоугольный [41]
оптика [41, 42]
оптик [41]
угол [41, 42, 76]
градус [41, 42, 58]
автофокус [41, 42]
dual [41, 42]
samung [41]
записывать [41, 42]
hd [41, 47, 48, 87]
фронтальный [41, 42, 99]
безопасный [41]
безопасно [41]
транслировать [41]
private [41]
share [41]
knox [41]
vault [41]
сопряжение [41]
умный [41]
метка [41, 42]
smarttag [41, 42]
экосистема [41]
широкополосный [41, 42]
связь [41, 42]
auto [41]
настроить [41]
автоматический [41, 47, 74, 88, 97]
активация [41, 47]
дом [41]
дома [41]
приезд [41]
домой [41]
домыть [41]
позволить [41, 55, 61, 71, 74, 94]
ключ [41, 66]
дома/машин [41]
дома/машина [41]
доступность [41, 60, 81]
замков/авто [41]
расширить [41, 42]
silver [41]
совпадать [41]
navy [41]
brown [41]
titanium [41]
microsd [41, 42]
подарок [41]
условие [41, 75, 87, 99]
предшествовать [42, 84]
огромный [42, 44, 48, 53, 74, 98]
начинаться [42]
наметить [42]
защитить [42, 99]
стекло [42, 87, 93, 99]
corning [42]
gorilla [42, 99]
glass [42, 99]
victus [42]
имитировать [42]
стечь [42, 93, 99]
мач [42, 99]
dilivery [42]
видимый [42, 72]
значительный [42, 74, 89, 98]
упрощение [42]
такать [42, 74, 88]
тройной [42, 74]
диафрагма [42]
сенсор [42, 61, 74, 89, 99]
широкоугольный [42, 74, 99]
оптический [42]
стабилизация [42]
состав [42]
войти [42, 56, 70, 80, 97]
одинаковый [42, 55, 65, 76]
ufs [42]
нельзя [42]
стереодинамика [42]
ультразвуковой [42]
меткий [42]
международный [42]
производиться [42, 55, 74, 77]
техпроцесс [42, 62, 74]
mmwave [42]
бенчмаркам [42, 94]
повседневный [42]
оболочка [42]
one [42, 73]
ui [42, 73]
всплывать [43, 64, 83, 85]
миссия [43]
круг [43]
gtx [43, 45, 46]
трассировка [43, 97]
луч [43, 97]
проводить [43, 55]
смысл [43, 48, 74, 81]
ключевой [43, 74, 77]
resizable [43, 63]
dlss [43, 97]
reflex [43]
broadcast [43]
послужить [43]
cuda-ядро [43, 67]
ггц [43, 62, 63, 74, 98]
гб/с [43, 65, 97]
гб/сый [43, 65, 97]
гб/снуть [43, 65, 97]
vbios [43]
founders [43]
editions [43]
aib-партнёр [43]
множество [44, 68, 72, 75, 88]
проведение [44, 62]
legion [44, 46, 54]
формат [44, 74, 84]
начальный [44]
летать [44]
область [44, 61, 64, 76, 95]
евро [44, 45, 46]
иерархия [44]
lenovo [44, 46, 47, 53, 54, 56, 59, 63, 92]
вариация [44, 93]
обеспечить [44, 46, 51, 55, 74, 78]
разместить [44, 80, 85]
оборотный [44, 87]
ровно [44, 46, 76, 88]
ровный [44, 46, 76, 88]
тёмно-серый [44]
любовь [45, 84]
nitro [45, 67]
повышение [45, 74, 80, 82]
статус [45]
итерация [45]
встретить [45]
заветный [45]
восьмиядерный [45, 54, 78]
энергосберегающий [45]
недорогой [45, 47]
матовый [45, 67, 71, 87]
произвести [45, 59, 77]
вместительность [45]
поставить [45, 84]
so-dimm [45, 78]
распаиваться [45]
точно [45, 63, 77, 81, 85, 88, 90, 99]
узнавать [45, 64, 72]
собственноручный [45]
поклонник [45]
апреля-май [45]
апрель-май [45]
апреля-мая [45]
стартовый [45, 83]
равный [45, 58, 87, 97]
евросоюз [45]
курс [45, 47]
обмен [45, 74]
ориентировочный [46]
превышать [46, 82, 87]
особенность [46, 52, 63, 93, 95]
тёмный [46]
окрас [46]
светлый [46]
экономить [46, 53]
c [46, 60, 84, 87]
gen [46, 53]
подсвечиваться [46]
сплошной [46, 76]
белые [46]
белый [46, 74]
синить [46]
синий [46]
разбить [46, 74]
разбитый [46, 74]
зона [46, 74, 76]
порадовать [46]
портативность [46]
килограмм [46, 47, 55, 87]
thinkbook [47]
p [47]
бизнес-ноутбук [47]
full [47]
показание [47]
датчик [47]
освещённость [47, 74]
обидный [47]
обидно [47]
отказываться [47]
сочетание [47, 92]
серый [47, 55, 58, 60, 87]
сера [47]
веб-камера [47]
закрывашка [47]
thinkshutter [47]
ик-сенсор [47]
снятие [47, 55]
черта [47, 53, 55, 58, 63]
чёрт [47, 53, 55, 58]
мелочь [47]
кнопка [47, 79, 87]
распаять [47]
кандела [47, 87]
метр [47, 87, 99]
квадратный [47, 87]
меньшой [47, 75]
заманивать [47]
дискретный [47, 63]
простейшее [47]
написание [47, 89]
статья [47, 70, 88]
ultrafine [48]
демо-ролик [48]
открываться [48]
пар [48, 53, 54, 62, 64, 65, 68, 85, 87, 99]
пара [48, 53, 54, 62, 64, 65, 68, 85, 87, 99]
паря [48, 53, 54, 62, 64, 65, 68, 87, 99]
фото [48, 54, 64, 73, 74, 85]
заточить [48]
заточный [48]
xdr [48]
плюс [48]
комплект [48]
покрытие [48, 67, 71]
достижимый [48]
tn [48, 55, 76]
совместимость [48, 55, 78]
мсёк [48, 87]
мсечь [48, 87]
мсека [48, 87]
мсек [48, 87]
штука [48, 52, 67, 79, 88]
видеосигнал [48]
dp [48]
японский [48]
корпорация [48, 80, 86]
j-oled [48]
lg [48, 58]
располагать [48, 64]
ниша [48, 99]
телевизионный [48]
здравый [48, 62]
портативный [48, 87]
отзыв [48, 91]
картинка [48, 74, 79, 81, 87]
oled-матрица [48, 87]
сценарий [48]
выявиться [48]
короткий [48]
заканчиваться [48, 85]
строка [48, 66, 77]
припоминать [48]
знаете [48, 84]
отписать [48]
tft [48]
central [48]
specifications [48]
flatpanelshd [48]
упускать [49]
strix [49, 51, 52]
scar [49, 51, 52]
удешевление [49, 76]
начинка [49, 50, 53]
принцип [49]
понятно [49]
wqhd [49]
аудиоразъесть [49]
аудиоразъём [49]
delivery [49]
комплектный [49, 54, 87]
резонансный [50]
сохранить [50, 53]
нетронутый [50]
остаться [50, 60, 78, 84]
прежний [50, 60]
основать [51, 56, 64, 92]
шуметь [51]
позиционировать [51, 74]
киберспортивное [51]
киберспортивный [51]
киберспортивная [51]
соревнование [51]
снизиться [51]
синхронизация [51]
минимизация [51]
разрыв [51]
сверху [51]
zen [51, 56, 62, 72, 94, 98]
cezanne [51, 52, 56, 67, 72]
физический [51, 55, 56, 87]
обрабатывать [51, 56, 62, 63, 74]
потоков [51, 56, 62, 63, 97]
нагрузка [51, 62, 75, 88, 95]
стабильно [51, 69]
протяжение [51, 56, 94]
длительный [51, 75, 88]
разблокировать [51, 72]
заняться [51]
двухканальный [51, 55]
материнский [51, 65, 78]
raid [51, 52]
крышка [51, 53, 64, 76]
днище [51]
нововведение [51, 73, 91]
оптомеханический [51]
переключатель [51]
заявлять [51, 54]
миллион [51, 66, 84, 86]
нажатие [51]
автономный [51, 54, 59]
веб-браузинг [51]
веб-браузинга [51]
ключ-меткий [51]
ключ-метка [51]
keystone [51]
ii [51]
скрыть [51]
скрытый [51]
раздеть [51]
объявить [51, 79]
доработать [52]
образ [52, 66, 74]
эффективность [52, 74]
отвод [52]
отверстие [52]
сбрасываться [52]
пыль [52, 93]
накапливаться [52]
радиатор [52]
снижать [52, 75]
характеризоваться [52, 92]
dolby [52, 54]
atmos [52]
света [53, 71, 76, 82, 98]
свет [53, 71, 76, 82, 98]
thinkpad [53]
совершить [53, 81]
революция [53]
портфолио [53]
обновлять [53]
улучшать [53, 68, 71]
неспешно [53]
неспешный [53]
аккуратно [53]
аккуратный [53]
далёкий [53, 58, 71]
пятый [53]
рамка [53, 63, 64, 76, 93]
фаза [53]
стагнация [53]
yoga [53, 59]
поработать [53]
tiger-lake [53]
серьёзно [53, 75]
ширин [53, 75]
ширина [53, 75]
старое [53, 75]
старый [53, 62, 75]
высота [53, 93, 99]
площадь [53, 61]
радикальный [53, 76]
нижний [53]
характеризовать [53]
корпоративный [53, 56, 60, 95]
опция [53]
wuxga [53]
премиум-вариант [53]
исключение [53]
eprivacy [53]
заряд [53, 56, 99]
вырезать [53, 76]
проприетарный [53]
стыковка [53]
состоять [53, 74]
miniethernet [53]
ощутимый [53, 65]
ощутимо [53]
включение [53]
переехать [53]
располагаться [53]
справа [53]
выполнять [53, 62]
роль [53, 74]
роля [53, 74]
бок [53]
шарнир [53]
решётка [53]
выдува [53]
выдув [53]
перенести [53]
правый [53, 85]
теплоотвод [53]
невиданный [53]
вырасти [53, 74, 88]
явно [53, 87]
трансформация [53]
nano [53]
слегка [53]
уменьшиться [53, 87]
испортить [53, 77]
трансформер [53]
трансформереть [53]
трансформера [53]
отметка [53]
slim [54, 59]
щирина [54]
щирин [54]
конусообразный [54]
снижаться [54]
пиковый [54]
находиться [54, 88]
vision [54]
удовлетворить [54]
опрос [55]
высказать [55]
пожелание [55]
оправдать [55]
современность [55]
встраиваться [55, 87]
объективный [55]
объективно [55]
задыхаться [55]
альтернатива [55]
zenbook [55, 88]
канада [55, 60]
адекватный [55]
энергозатратный [55]
осторожный [55]
осторожно [55]
надежда [55, 75]
шим [55, 59, 87]
какой-то [55, 81, 86]
сертификация [55, 92]
безвредность [55]
достойный [55]
быстродействие [55, 57, 88]
никудышный [55]
смешной [55]
хохот [55]
назвать [55, 62, 78, 82]
цп [55, 88]
запустить [55, 62, 88]
родной [55, 66]
родный [55, 66]
ик-модуль [55]
медленный [55]
почему-то [55]
встраивать [55]
выполнимый [55]
одном-единственный [55]
закуска [55]
numberpad [55]
тачпад [55]
надобность [55]
превратить [55]
виртуальный [55, 95]
нумерический [55]
ходить [56]
u-серия [56]
h [56]
hs [56, 72]
hx [56, 72]
высокопроизводительный [56]
адресовать [56]
подробно [56]
элитный [56]
превосходить [56, 63, 94, 96, 98]
многопоточный [56, 75, 88, 95]
послать [56]
возглавлять [56]
lucienne [56, 72]
renoir [56, 72, 94]
smt [56]
physics [56]
непрерывный [56]
воспроизведение [56, 84]
mobilemark [56]
референсный [56, 92, 97]
референсон [56, 97]
выключить [56, 97]
поведать [56]
потребительский [56]
нетерпение [56]
нашить [56, 92]
только-только [57]
наплыв [57]
наплыть [57]
набирать [57]
оборот [57]
дойти [57]
весьма [57, 75, 85, 88]
пк [57, 81]
унифицированный [57]
унифицировать [57]
шейдеров [57]
шейдер [57]
шейдёр [57]
cuda [57]
видный [57, 64]
интерактивный [57]
подвкладка [57]
ступень [57]
бросаться [57]
опережать [57, 62]
бывший [57]
весомо [57]
весомый [57]
time [57]
spy [57]
преимущество [57, 59, 74, 78, 82, 87, 92]
standard [57]
gpu [57]
итого [57]
значить [57, 77]
значимый [57, 77]
предшественница [57]
выборка [57]
позиционирование [58]
gram [58]
пять [58, 78, 79, 88]
далеко [58]
запрыгивать [58]
килограммовый [58]
повезти [58, 64]
конвертируемый [58]
конвертировать [58]
раскрываться [58]
ввод [58]
незадача [58]
корея [58, 73]
пятеро [58]
аккумулятор [58, 59]
вт-ч [58]
oled-издание [59]
обещаться [59]
соответствие [59]
программа [59, 83, 84]
моментальный [59]
просыпание [59]
вход [59]
волшебный [59, 87]
общепринятый [59]
обойтись [59, 79]
взамен [59]
задействоваться [59]
usb-c [59]
поддержкка [59]
ватт-час [59]
водиться [59]
исходный [59]
сюрприз [60]
surface [60]
клиент [60]
образование [60]
указанный [60, 78, 81, 89]
относиться [60]
пришествие [60]
англоговорящий [60]
великобритания [60]
австралия [60]
зеландия [60]
филиппина [60]
филиппины [60]
канадский [60]
упоминание [60, 78]
касаться [60, 90]
подэкранные [61]
тенденция [61, 87]
сохраниться [61]
считывание [61]
sonic [61]
исправить [61, 87, 98]
недостаток [61]
процесс [61, 63, 66, 75]
захватывать [61]
ультра-тонкий [61]
подоспеть [61]
дебютировать [61, 63]
точность [61, 99]
срабатывание [61]
lake-s [62, 98]
накопиться [62]
инструкция [62]
такт [62]
график [62, 74, 96]
графика [62, 74, 95, 96]
машинный [62]
deep [62]
learning [62]
совместить [62]
продемонстрировать [62, 63]
слайд [62, 97]
вернуть [62, 93]
звание [62]
отнять [62]
vermeer [62, 98]
укомплектовать [62]
evga [62]
воспринимать [62, 98]
доля [62, 81, 94, 98]
долить [62, 81, 98]
скепсис [62, 64, 98]
аномалия [62]
metro [62]
exodus [62]
демонстрация [62]
погрешность [62]
какать [62]
температура [62, 87, 88, 99]
кратко [62, 74]
краткий [62, 74]
дополнить [62, 95, 99]
анонсироваться [62]
чипмейкер [62, 63]
alder [62]
запущенный [62, 88]
масштабировать [62]
superfin [62]
гибридный [62]
структура [62, 66, 74]
малое [62, 81, 95]
рассчитать [63]
сегментация [63]
создавать [63, 79, 86, 87]
категория [63, 68]
essential [63]
ultraportable [63]
thin [63]
enthusiast [63]
halo [63]
неизвестно [63, 64]
придерживаться [63]
классификация [63]
описать [63, 68, 87, 89]
gig+ [63]
prioritization [63]
engine [63]
optane [63]
xtu [63]
баланс [63, 74, 87]
мобильность [63]
разгоняться [63]
механизм [63, 98]
turbo [63, 88]
плавный [63]
эмбарго [63]
vaio [63, 86]
вендор [63]
ряд [64, 67, 76, 94]
ожидание [64, 88]
раздобыть [64]
живой [64]
инженерный [64]
наследник [64]
снимка [64, 74, 85, 93]
снимок [64, 74, 85, 93]
распоряжение [64]
концепт [64]
рисунок [64]
планировать [64, 78, 85]
украсить [64]
форма [64, 78, 87]
приблизить [64]
замести [64]
трейлер [64]
перерисовать [64]
дракон [64]
логотип [64]
стилистика [64]
украшение [64]
иконография [64]
палмрест [64]
немой [64, 71, 74]
нем [64, 71, 74]
предположительный [64]
comet [64, 72, 94]
представительница [64, 97]
декабрь [64, 70, 97]
догадка [64]
вышеприведённый [64]
убедительный [64]
убедительно [64]
здоровый [64, 96, 98]
уместный [64]
редкий [64, 66, 79]
редко [64, 66, 79]
воплощаться [64]
первозданный [64]
транслироваться [64]
youtube [64, 70]
продублировать [64]
коллега [65]
wccf [65]
tech [65]
премиум-класс [65]
сокет [65]
сomet [65]
вдвое [65]
хватать [65]
корректный [65, 79, 87]
удар [65]
уйти [66]
windows-компьютер [66]
составление [66]
отчёт [66]
статистик [66, 94]
статистика [66, 94]
интернет-посещение [66]
активно [66, 71, 78]
заставить [66, 92]
спрашивать [66, 85]
прекращать [66]
задерживать [66]
вносить [66]
ненужный [66]
bios/uefi [66]
препятствовать [66]
казённый [66]
учреждение [66, 80]
больница [66]
мчс [66]
организация [66]
технический [66, 91]
ит-персонал [66]
сознательно [66]
сознательный [66]
доподлинно [66]
доподлинный [66]
немецкий [66, 67]
критически [66]
душа [66]
простить [66]
ненаучный [66]
термин [66, 79, 95]
бесчисленный [66]
мелкий [66]
создаваться [66, 74]
комфорт [66]
фон [66]
безликость [66]
недалеко [66]
недалёкий [66]
русский [66]
удобство [66]
насколько [66, 75, 76]
глубоко [66]
глубокий [66]
запрятать [66]
требоваться [66, 79, 81]
скомпрометировать [66]
лицензионный [66]
достать [66]
hexus [66]
обнаружиться [67]
засветиться [67]
ретейлер [67]
electronicpartner [67]
полностью [67, 79, 82, 87]
онлайн-режим [67]
детальный [67]
ep [67]
momomo_us [67]
tom [67, 94]
's [67, 94]
hardware [67, 94]
супер-бюджетная [68]
супер-бюджетной [68]
супер-бюджетный [68]
супер-бюджётный [68]
невероятно [68]
среднее [68]
low [68]
energy [68]
le [68]
индустрия [68, 81]
датахать [68]
даташит [68]
трансляция [68]
adaptive [68]
anc [68]
аудиокодек [68]
aptx [68]
низкий [68, 79]
аудиосигнал [68]
voice [68]
cvc [68]
echo [68]
cancellation [68]
noise [68]
suppression [68]
голосовой [68]
звонок [68]
tws [68]
отмечаться [68]
безотказный [68]
финансовый [69]
состояние [69]
инвестор [69]
бояться [69]
нечего [69]
поле [69]
поль [69]
поля [69]
полоть [69]
конкурентноспособный [69]
susquehanna [69]
international [69]
group [69]
reddit [69, 89, 92]
пищать [69]
пища [69]
анализ [69]
нанометр [69]
серверный [69, 94]
прочее [69, 84]
вдруг [70, 85]
уважаемый [70]
засвидетельствовать [70]
рф [70]
перебой [70]
случаться [70]
обычно [70, 95]
минута [70, 83]
сбоить [70, 85]
сбой [70, 85]
разрешиться [70]
аутентификация [70]
алгоритм [70, 74]
временно [70]
отклонять [70]
запрос [70]
пароль [70]
аутентифицировать [70]
инцидент [70]
учётный [70]
интригующий [71]
патент [71]
ведомство [71]
товарный [71]
знак [71, 72, 86]
uspto [71]
когда-либо [71, 74]
технологию/особенность/устройство [71]
подсказка [71]
анодировать [71]
окраска [71]
светопоглощающий [71]
светопоглощать [71]
свойство [71]
внешний [71, 76, 78, 90]
придумать [71]
краска [71]
vantablack [71]
поглощать [71]
падать [71]
алюминий [71]
применять [71, 74, 87]
угодный [71]
угодно [71]
watch [71]
подставка [71]
эксперимент [71, 84]
united [71]
states [71]
patent [71]
trademark [71]
office [71]
patently [71]
colorware [71]
изображение [71, 74, 82, 87]
осенью [72]
собрат [72]
абсолютно [72]
опровергнуть [72]
неанонсировать [72]
обнаружение [72]
pinnacle [72]
co [72]
za [72]
недоступный [72]
ограничиваться [72]
хардкорный [72]
энтузиаст [72]
tum_apisak [72, 98]
стадий [73]
стадия [73]
завершить [73]
распространяться [73]
избрать [73]
избранный [73]
доступно [73]
европа [73]
визуальный [73]
эффект [73, 83]
оптимизировать [73, 95]
переработать [73]
ии-зум [73]
автофокусировка [73]
волноваться [73]
newsroom [73]
нетипичный [74]
схема [74]
восьмёрка [74]
премиальный [74, 81]
подъесть [74]
энергоэффективность [74, 82]
ии-движок [74]
ия-движок [74]
помнить [74, 79]
помять [74]
модем [74]
fastconnect [74]
wifi [74]
обработка [74]
cv-isp [74]
spectra [74]
съёмка [74, 99]
фото/видео [74]
adreno [74]
рендеринга [74]
рендеринг [74]
ии-алгоритм [74]
сопроцессор [74]
hexagon [74]
скалярный [74]
тензорный [74]
векторный [74]
вычислительный [74, 79, 95, 97]
sensing [74]
hub [74]
security [74]
изолированный [74]
изолировать [74]
мгновенный [74]
переключение [74, 87]
kryo [74]
кластер [74, 79, 95]
cortex [74, 95]
модифицировать [74]
триллион [74]
операция [74, 97]
tops [74]
двукратный [74]
тепловыделение [74]
упаковка [74]
isp [74]
достоинство [74, 81, 82]
бесшовный [74]
зум-камера [74]
гигапиксель [74]
невозможный [74, 85, 92]
невозможно [74, 85]
светочувствительность [74]
освещение [74]
люкс [74]
безоблачный [74]
лунный [74]
ночь [74]
шахматный [74]
вдёржка [74]
достигаться [74]
диапазон [74]
вдобавок [74]
снимать [74]
heif [74]
камерафон [74]
ия-автофокус [74]
ии-автофокус [74]
подстройка [74]
экспозиция [74]
сначала [74]
распознаваться [74]
принести [74]
позитивный [74]
гейминг [74]
гейминга [74]
game [74]
quick [74]
variable [74]
rate [74]
shading [74]
снизить [74, 82, 89, 95]
текстура [74, 97]
периферийный [74]
объект [74]
динамически [74]
высвободить [74]
пригодиться [74, 87]
требовательный [74]
полезность [74]
ия [74]
ии [74]
сочетать [74]
значительно [74, 89, 98]
троекратный [74]
ии-процессор [74]
призвать [74]
разгрузить [74]
фоновый [74]
шум [74]
api [74, 85]
потенциал [74]
пресса [74]
пресс [74]
mac [75, 77, 90]
малоподробный [75]
повторяться [75]
картина [75]
делиться [75, 85]
выяснить [75, 91]
тратиться [75]
комплектация [75]
погоня [75]
погон [75]
порция [75]
тротлинг [75]
тротлинга [75]
сбрасывать [75]
умерить [75]
нагреть [75]
нагрев [75]
порядок [75, 87]
шестиядерный [75, 78]
десятка-двуха [75]
прогон [75, 88]
cb [75]
уменьшаться [75]
условный [75]
восемьсот [75]
четырёхъядерный [75, 78]
умеренный [75]
умеренно [75]
шестиядёрный [75, 78]
шестиядерная [75, 78]
полоса [75]
сигнал [75]
допускаться [75]
оптимальный [75]
испытание [75, 79, 87, 96]
немногочисленный [75]
почтенный [75]
возраст [75]
тратить [75]
пересобирать [75]
завтрашний [75]
учёт [75, 90]
нативный [75, 79]
протестировать [75, 79, 88]
наблюдаться [75, 79, 98]
дефект [75, 89, 93]
запускаться [75, 79]
встречаться [76]
ежегодно [76]
ежегодный [76]
несовершенство [76]
потрепать [76]
нерв [76]
ценитель [76, 86]
кино [76]
сотрудник [76, 86]
фотостудия [76]
ком [76]
кома [76]
порок [76]
массово [76]
исчезать [76]
дешёвый [76, 77]
закономерность [76]
устроить [76]
одинаково [76]
светодиод [76]
светить [76]
лист [76]
отражать [76]
фильтр [76]
поляризатор [76]
жидкий [76, 92]
кристалл [76]
запаковать [76]
липка [76]
липкий [76]
фольга [76]
изолента [76]
тыловой [76]
посадочный [76]
равномерность [76, 82]
прилегание [76, 93]
распределять [76]
свечение [76, 82]
перекос [76]
попадать [76]
миновать [76]
слоить [76]
наблюдать [76]
взгляд [76]
изредка [76]
отдавать [76]
жёлтый [76]
неизбежно [76]
неизбежный [76]
прижать [76]
отходить [76]
облегчить [76]
плотно [76]
плотный [76]
воедино [76]
край [76]
возникнуть [76, 90]
пятно [76]
кардинальный [76]
субпиксель [76]
миниатюрный [76]
разноцветный [76]
органический [76]
пропускать [76]
пропустить [76]
распределитель [76]
расположить [76, 99]
засвет [76]
радикально [76]
трамп [77]
всячески [77]
кнр [77]
последствие [77]
война [77]
разворачиваться [77]
расцветать [77]
foxconn [77]
сборщик [77]
агенство [77]
reuters [77]
вьетнам [77]
малайзия [77]
перетягивать [77]
кроссовок [77]
неофициальный [77]
неофициально [77]
партнёр [77, 83]
азиатский [77]
вести [77, 79, 82, 83]
осведомить [77]
сборочный [77]
luxshare [77]
precision [77, 98]
industry [77]
wistron [77]
лихорадочно [77]
лихорадочный [77]
диверсификация [77]
производственный [77, 93]
изготовить [77]
северный [77]
америка [77]
закулисный [77]
шепоток [77]
уход [77]
избежать [77]
затратный [77]
мереть [77, 85]
благоприятно [77]
благоприятный [77]
сказаться [77]
финансы [77]
рабочий [77]
сила [77, 87]
сило [77, 87]
mars [78]
прямоугольный [78]
ось [78]
ося [78]
миллиметр [78]
габарит [78]
отнюдь [78]
четырёхъядерная [78]
четырёхъядёрный [78]
названый [78]
asrock [78]
охлаждаться [78]
суммарный [78]
двое [78]
vga [78]
кой [78]
предусмотреть [78]
занимать [78]
гнездо [78, 87]
e [78]
key [78]
положиться [78]
vega [78, 79]
снг [78]
ноябрь [78, 80, 88]
чуточку [78, 87]
печалить [78]
новшество [79]
онлайн-магазин [79]
просить [79]
поделиться [79, 93]
примечание [79]
русскоязычный [79]
фактически [79, 84]
восемь [79]
путаница [79]
big [79, 85, 95]
sur [79, 85]
эмуляция [79]
выполняться [79]
код [79]
кода [79]
пригодный [79]
выбиваться [79]
сравнительный [79]
десять [79, 83, 96]
бесшумный [79]
borderlands [79]
бенчмаркий [79]
зависнуть [79]
наглухо [79]
перезагрузка [79]
отрываться [79]
низок [79]
выставление [79]
сглаживаться [79]
xe [79, 88]
нагрузочный [79]
троттлинг [79]
потом [79]
пот [79]
назойливый [79]
жужжать [79]
тишина [79, 89]
fn [79]
обращать [79]
критерий [79]
смело [79]
смелый [79]
сметь [79]
смести [79]
разумный [79]
digitimes [80]
тайваньский [80]
полупроводниковый [80]
tsmc [80]
строительство [80]
фабрика [80]
затвор [80]
транзистор [80]
южный [80]
полуостров [80]
строить [80]
строй [80]
finfet [80]
gaafet [80]
гладко [80, 90]
гладкий [80, 90]
упор [80]
прогресс [80]
фронт [80]
образовательный [80]
тайвань [80]
высокотехнологичный [80]
отрасль [80]
заголовок [80]
выдача [80]
прыжок [81]
разрешать [81]
распространить [81]
доплачивать [81]
промежуточный [81, 96]
компромиссный [81]
инсайдер [81]
eluktronics [81, 92]
пионер [81]
освоение [81]
игнорировать [81, 83]
распространённость [81]
телевизор [81, 82]
лишить [81]
практический [81]
бить [81]
автономность [81]
ценник [81]
осмелиться [81]
boe [81, 82, 92]
удорожать [81]
влиять [81, 93]
недостаточный [81]
недостаточно [81]
hdr-контент [81]
яркий [81]
доплата [81]
шикарный [81]
спешить [81, 89]
подождать [81]
выгодный [81]
масштабирование [81]
переключиться [81, 92]
чёткость [81]
таковой [81]
негативно [81]
негативный [81, 86]
сказываться [81]
amqled [82]
соперничать [82]
поприще [82]
qled [82]
квантовый [82]
тягаться [82]
формировать [82]
испоьзоваться [82]
электролюминесцентный [82]
излучать [82]
самостоятельный [82, 87]
самостоятельно [82, 87]
прохождение [82]
ток [82]
утверждение [82, 90]
ntsc [82]
коммерческий [82]
зарабатывать [83]
реклама [83]
opera [83]
спонсировать [83]
присутствие [83]
по-разному [83, 84]
ссылка [83, 89]
поступать [83]
регулярно [83]
регулярный [83]
навязывать [83]
ведомо [83]
ведомый [83]
яндекс [83]
передавать [83]
навязчивый [83]
минуть [83]
отключить [83]
отключение [83]
весть [83]
поведение [83]
партнёрский [83]
whatsapp [83]
aliexpress [83, 99]
допустимый [83]
доставаться [83]
бесплатно [83]
доказывать [83]
забота [83]
личный [83, 85]
личной [83, 85]
возникать [83]
пустой [83]
заслужить [84]
директория [84]
media [84]
храниться [84]
всяческий [84]
восклицание [84]
диалог [84]
мелодия [84]
будильник [84]
\windows\mediaоткрыть [84]
интересовать [84]
onestop [84]
town [84]
flourish [84]
запуститься [84]
спросить [84]
применить [84]
нечасто [84]
нечастый [84]
критично [84]
критичный [84]
записать [84]
midi [84]
плеер [84]
groove [84]
music [84]
синтезатор [84]
попробовать [84]
скопировать [84]
телефон-звонилка [84]
везде [84]
воспроизводиться [84]
универсальный [84]
музыкальный [84]
пасхалка [84]
следить [85]
заплатить [85, 92]
сдать [85]
исследование [85]
джефри [85]
джефря [85]
джефрить [85]
jeffrey [85]
paul [85]
защитник [85]
заниматься [85]
отправлять [85]
открыто [85]
каков [85]
ip-адрес [85]
облачный [85]
выясниться [85]
отправляться [85]
отправка [85]
задерживаться [85]
соединение [85]
сервер [85]
уведомлять [85]
согласие [85]
власть [85]
безобидный [85]
фокус [85]
промышлять [85]
обойти [85, 98]
слежка [85]
файрволл [85]
vpn [85]
передаваться [85]
слабозащищённый [85]
куча [85]
кутить [85]
риск [85]
тема [85, 89]
тёма [85, 89]
нагнетаться [85]
неспроста [85]
переплывать [85]
простоять [85]
удалять [85]
icloud [85]
хранить [85]
ээээ [85]
объяснить [85]
соцсеть [85]
профиль [85, 87]
никуда [85]
деться [85]
зловещий [85]
прекрасно [85]
офлайн [85]
украсть [85]
зашифровать [85]
подключаться [85]
enpirion [86]
микросхема [86]
центральный [86]
первоисточник [86]
владеть [86]
richtek [86]
свежеприобретённый [86]
свежеприобретить [86]
свежеприобрести [86]
знание [86]
наблюдатель [86]
часто [86]
актив [86]
тревожный [86]
катиться [86]
когда-то [86]
ericsson [86]
единичный [86]
любим [86]
малоизвестный [86, 87]
пара-тройка [86]
пару-тройка [86]
бледный [86]
бледно [86]
паре-тройка [86]
пар-тройка [86]
паря-тройка [86]
xtendtouch [87]
pepper [87]
jobs [87]
догадаться [87]
грандиозный [87]
профессионально [87]
выдать [87]
изучить [87, 93]
переносной [87]
переносный [87]
lepow [87]
auzai [87]
прочный [87, 99]
долговечный [87]
грамм [87]
положить [87]
весы [87]
защитный [87, 89]
искусственный [87]
кожа [87]
лицевой [87]
закрыть [87]
закрытый [87]
шершавый [87]
mini-hdmi [87]
c-force [87]
сперва [87]
меню [87]
несложный [87]
несложно [87]
элемент [87]
персонализировать [87]
лёва [87]
левый [87]
гранить [87]
грань [87]
маловато [87]
маловатый [87]
нажиматься [87]
вянуть [87]
вяло [87]
вялый [87]
губка [87]
красочный [87]
красочно [87]
неоспоримый [87]
соблюдение [87]
кое-какой [87]
озаботиться [87]
кр-син-зёл [87]
кр-син-зеть [87]
кр-син-зел [87]
цветок [87]
сырой [87]
наладить [87]
калибровочный [87]
измерение [87]
колориметр [87]
x-rite [87]
уклон [87]
теплота [87]
отклонение [87]
оттенок [87]
усреднённый [87, 88]
усреднённо [87, 88]
единица [87]
выправить [87]
r-g-b [87]
исправиться [87]
тестово [87]
корректно [87]
суметь [87, 98]
замер [87]
шнур [87]
обещание [87, 92]
ч-б [87]
серый-серый [87]
сера-сера [87]
сера-сер [87]
сер-сера [87]
сер-серый [87]
сер-сер [87]
покрыть [87]
достижение [87]
внушительный [87]
зарядный [87]
исследовать [87]
quickcharge [87]
возить [87]
штуковина [87]
нелегко [87]
нелёгкий [87]
зу [87]
попытка [87]
mate [87]
получение [87]
многообещающий [87]
минус [87]
устранить [87, 91]
отнестись [87]
по-человечески [87]
дороговатый [87]
семь [87]
нужно [88]
заключение [88]
y [88]
основываться [88]
одном-двуха [88]
прогнать [88]
серийный [88]
одиннадцатый [88]
проникнуть [88]
магазинный [88]
летом [88]
лето [88]
впечатлить [88]
прикрепить [88]
цыплёнок [88]
тормозной [88]
включаться [88]
браться [88]
разброс [88]
повторение [88]
выявлять [88]
резвый [88]
бег [88]
неловкий [88]
ковыляние [88]
падение [88, 99]
доходить [88]
лучшен [88]
iris [88]
тело [88]
молодой [88]
молодая [88]
рано [88, 89]
совершенствоваться [88]
трёхмерный [88]
традиция [88]
недостижимый [88]
побудить [89]
верие [89]
идеал [89]
macbainno [89]
чувствительность [89]
дотрагиваться [89]
иконка [89]
среагировать [89]
проявляться [89]
плёнка [89]
одетый [89]
одеть [89]
дотронуться [89]
начинать [89]
нормально [89]
царить [89]
обсуждение [89]
собрать [89, 91]
нюанс [89, 90]
исправление [89]
что-либо [89]
отзывать [89]
конструктивно [90]
парк [90]
egpu [90]
magic [90]
деталь [90]
продвинуть [90, 92, 95]
трюк [90]
проделать [90]
bionic [90]
урезанный [90]
урезать [90]
следствие [90]
отладка [90]
схожесть [90]
усиленный [90]
ai [90]
хвалебный [91]
медиа [91]
недопонимание [91]
директор [91]
маркетинг [91]
роберт [91]
роберта [91]
хэллок [91]
хэллка [91]
robert [91]
hallock [91]
ответить [91]
ответ [91, 94]
хэллоко [91]
хэллока [91]
agesa [91]
bios [92]
пламенный [92]
привет [92]
выслать [92]
мёртвый [92]
clevo [92]
tongfang [92]
подтянуться [92]
проснуться [92]
ceo [92]
уилла [92]
кирилюк [92]
will [92]
kiryluk [92]
сентябрь [92]
приоритет [92]
менять [92]
правило [92]
править [92]
термопастый [92]
термопаста [92]
grizzly [92]
conductonaut [92]
металл [92]
вышесказанный [92]
неравномерный [93]
счастливый [93]
чётко [93]
чёткий [93]
щель [93]
обеспокоить [93]
нарушать [93]
влага [93]
пылить [93]
поспешить [93]
развеять [93]
опасение [93]
цитата [93]
специалист [93]
выступ [93]
продолжить [93]
индивидуальный [93]
претензия [93]
зазор [93]
неравномерно [93]
прилегать [93]
частью [93]
действительность [93]
банальный [93]
случать [93]
дефективный [93]
по-хорошему [93]
сумма [93]
исход [93]
вериться [93]
support [93]
r/android [93]
поворотный [94]
настать [94]
постоянно [94]
рослый [94]
расти [94]
признать [94]
проигрыш [94]
растить [94]
стремительный [94]
mercury [94]
research [94]
рыночный [94]
промежуток [94]
вше [94]
бесспорно [94]
бесспорный [94]
заслуга [94]
учесть [94]
период [94]
безобразие [94]
праздничный [94]
сезон [94]
проиграть [94]
базироваться [95]
аудитория [95]
специфический [95]
компоновка [95]
dynamiq [95]
little [95]
формула [95]
погружение [95]
подразумевать [95]
pointer [95]
authentication [95]
pac [95]
rop- [95]
jop-атака [95]
кэш-память [95, 97]
востребовать [95]
шлем [95]
виртуально [95]
прямо-таки [96]
наполнить [96]
понимание [96]
сравнить [96]
rage [96, 97]
mode [96, 97]
испытываться [96]
ликвидировать [96]
rdna [96]
отобрать [96]
xt [96, 97]
впереди [96]
занять [96, 99]
положение [96, 98]
ti [96]
пк-геймер [96]
r/hardware [96]
шоу [97]
позиционироваться [97]
противовес [97]
j [97]
cu [97]
пика [97]
пики [97]
пике [97]
пик [97]
рекомендовать [97]
наложение [97]
конвейер [97]
растровый [97]
потоковый [97]
мгц [97]
infinity [97]
cache [97]
сглаживание [97]
всеобщий [98]
интерес [98]
passmark [98]
лишний [98]
доказательство [98]
обогнать [98]
многоядерный [98]
дотягивать [98]
threadripper [98]
лидировать [98]
приличный [98]
тактовый [98]
утратить [98]
первенство [98]
ухудшать [98]
willow [98]
cove [98]
doogee [99]
надолго [99]
стесняться [99]
добавлять [99]
спорный [99]
ночной [99]
ночное [99]
видение [99]
прочность [99]
устойчивость [99]
нестандартный [99]
изготовление [99]
комбинация [99]
высокотемпературный [99]
полиуретан [99]
алюминиевый [99]
сплав [99]
поликарбонат [99]
°c [99]
выдержать [99]
бетон [99]
gps [99]
galileo [99]
glonass [99]
beidou [99]
imx [99]
темнота [99]
ик-светодиод [99]
макро-объектив [99]
каплевидный [99]
hd+ [99]
насчитывать [99]
разочаровать [99]
helio [99]
